53.69545 1
53.74507 2
53.69468 3
53.69429 4
53.5939 5
53.74352 6
53.64313 7
53.64274 8
53.79235 9
53.74197 10
54.19158 11
53.74119 12
53.6908 13
53.59042 14
53.59003 15
53.68964 16
53.88926 17
53.78848 19
53.5881 20
53.83771 21
53.73732 22
53.68694 23
53.83655 24
54.03616 25
53.63578 26
53.88539 27
53.73462 29
53.68423 30
53.78346 32
53.78308 33
53.63269 34
53.5823 35
53.68192 36
53.63153 37
53.58076 39
53.83038 40
53.77999 41
53.67922 43
53.87884 44
53.87845 45
53.62807 46
53.82768 47
53.6773 48
53.72691 49
53.67653 50
53.87614 51
53.52576 52
53.82537 53
53.77499 54
53.97461 55
53.62422 56
53.67384 57
53.77345 58
53.67268 60
53.72153 63
53.62115 64
53.87076 65
53.82038 66
53.87 67
53.71961 68
53.61923 69
53.96885 70
53.76846 71
53.71808 72
53.6177 73
53.66655 76
53.66617 77
53.66578 78
53.8654 79
53.71502 80
53.91387 83
53.76349 84
53.8631 85
53.81272 86
53.71158 89
53.71043 92
53.81005 93
53.65928 95
54.0089 96
53.90814 98
53.75699 101
53.85585 104
53.65547 105
53.90509 106
53.80471 107
53.75433 108
54.00357 110
53.70204 114
53.8009 117
53.54862 123
53.84786 125
53.89634 129
53.69596 130
53.89331 137
53.88876 149
53.73687 154
53.83574 157
53.78234 166
53.68121 169
