4 851
3.99023 853
3.97566 856
3.91843 868
3.90905 870
3.89972 872
3.88119 876
3.87199 878
3.83112 887
3.82663 888
3.82215 889
3.79992 894
3.7911 896
3.78671 897
3.77358 900
27.00532 801
26.94978 802
26.94426 803
26.98875 804
26.98326 805
26.97778 806
26.97232 807
27.01687 808
26.96143 809
27.00601 810
27.0506 811
26.94521 812
27.03982 813
27.13446 814
26.9791 815
27.17376 816
27.11844 817
4.13153 824
4.10557 829
4.09528 831
4.07993 834
4.0647 837
4.05965 838
4.0049 849
27.99545 1
27.99507 2
27.99468 3
27.99429 4
27.9939 5
27.99352 6
27.99313 7
27.99274 8
27.99235 9
27.99197 10
27.99158 11
27.99119 12
27.9908 13
27.99042 14
27.99003 15
27.98964 16
27.98926 17
27.98887 18
27.98848 19
27.9881 20
27.98771 21
27.98732 22
27.98694 23
27.98655 24
27.98616 25
27.98578 26
28.03539 27
27.98501 28
27.98462 29
27.98423 30
27.98385 31
27.98346 32
27.93308 33
27.93269 34
27.9323 35
27.93192 36
27.93153 37
27.93115 38
27.93076 39
27.93038 40
27.92999 41
27.92961 42
27.92922 43
27.92884 44
27.92845 45
27.92807 46
27.92768 47
27.9273 48
27.92691 49
27.92653 50
27.92614 51
27.92576 52
27.92537 53
27.92499 54
27.92461 55
27.92422 56
27.92384 57
27.92345 58
27.92307 59
27.92268 60
27.9723 61
27.92192 62
27.92153 63
27.92115 64
27.92076 65
27.92038 66
27.92 67
27.91961 68
27.91923 69
27.91885 70
27.91846 71
27.91808 72
27.9177 73
27.91731 74
27.96693 75
27.86655 76
27.91617 77
27.86578 78
27.8654 79
27.86502 80
27.86463 81
27.86425 82
27.86387 83
27.86349 84
27.9131 85
27.86272 86
27.86234 87
27.86196 88
27.86158 89
27.86119 90
27.91081 91
27.86043 92
27.91005 93
27.85967 94
27.85928 95
27.8589 96
27.85852 97
27.85814 98
27.90776 99
27.85738 100
27.90699 101
27.90661 102
27.85623 103
27.90585 104
27.85547 105
27.90509 106
27.85471 107
27.85433 108
27.85395 109
27.90357 110
27.85318 111
27.9028 112
27.90242 113
27.90204 114
27.85166 115
27.85128 116
27.8509 117
27.90052 118
27.90014 119
27.79976 120
27.79938 121
27.799 122
27.84862 123
27.84824 124
27.84786 125
27.79748 126
27.8471 127
27.84672 128
27.84634 129
27.79596 130
27.84558 131
27.8452 132
27.79482 133
27.84445 134
27.84407 135
27.84369 136
27.84331 137
27.79293 138
27.79255 139
27.79217 140
27.84179 141
27.84141 142
27.79103 143
27.79066 144
27.84028 145
27.8399 146
27.78952 147
27.78914 148
27.83876 149
27.83839 150
27.78801 151
27.78763 152
27.83725 153
27.78687 154
27.8365 155
27.83612 156
27.78574 157
27.78536 158
27.83498 159
27.83461 160
27.83423 161
27.78385 162
27.83347 163
27.7831 164
27.78272 165
27.78234 166
27.78197 167
27.78159 168
27.78121 169
27.78083 170
27.78046 171
27.78008 172
27.7797 173
27.77933 174
27.72895 175
27.77857 176
27.7782 177
27.77782 178
27.77744 179
27.77707 180
27.77669 181
27.77632 182
27.77594 183
27.77556 184
27.77519 185
27.77481 186
27.77444 187
27.77406 188
27.77368 189
27.77331 190
27.77293 191
27.77256 192
27.77218 193
27.77181 194
27.77143 195
27.77106 196
27.77068 197
27.77031 198
27.71993 199
27.76956 200
27.76918 201
27.76881 202
27.71843 203
27.76806 204
27.76768 205
27.76731 206
27.71693 207
27.71656 208
27.71618 209
27.66581 210
27.71543 211
27.71506 212
27.71468 213
27.71431 214
27.71394 215
27.71356 216
27.71319 217
27.71281 218
27.71244 219
27.71207 220
27.71169 221
27.71132 222
27.71095 223
27.71057 224
27.7102 225
27.70983 226
27.70945 227
27.70908 228
27.70871 229
27.70833 230
27.65796 231
27.70759 232
27.70721 233
27.70684 234
27.70647 235
27.70609 236
27.70572 237
27.70535 238
27.70498 239
27.7046 240
27.70423 241
27.70386 242
27.70349 243
27.70311 244
27.70274 245
27.70237 246
27.702 247
27.70163 248
27.70125 249
27.70088 250
27.70051 251
27.70014 252
27.64977 253
27.64939 254
27.64902 255
27.64865 256
27.64828 257
27.64791 258
27.64754 259
27.64717 260
27.64679 261
27.64642 262
27.64605 263
27.64568 264
27.64531 265
27.64494 266
27.64457 267
27.6442 268
27.64383 269
27.64346 270
27.64309 271
27.64271 272
27.64234 273
27.64197 274
27.6416 275
27.64123 276
27.64086 277
27.64049 278
27.64012 279
27.63975 280
27.63938 281
27.63901 282
27.63864 283
27.63827 284
27.6879 285
27.63753 286
27.63716 287
27.63679 288
27.63642 289
27.63605 290
27.63569 291
27.63532 292
27.63495 293
27.63458 294
27.63421 295
27.63384 296
27.63347 297
27.5831 298
27.58273 299
27.58236 300
27.58199 301
27.58163 302
27.58126 303
27.58089 304
27.58052 305
27.58015 306
27.57978 307
27.57941 308
27.57905 309
27.57868 310
27.57831 311
27.57794 312
27.57757 313
27.57721 314
27.57684 315
27.57647 316
27.5761 317
27.57573 318
27.57537 319
27.575 320
27.57463 321
27.57426 322
27.5739 323
27.57353 324
27.57316 325
27.57279 326
27.57243 327
27.57206 328
27.57169 329
27.57133 330
27.57096 331
27.57059 332
27.57023 333
27.56986 334
27.56949 335
27.56913 336
27.56876 337
27.56839 338
27.56803 339
27.56766 340
27.56729 341
27.56693 342
27.51656 343
27.51619 344
27.51583 345
27.51546 346
27.5151 347
27.51473 348
27.51436 349
27.514 350
27.56363 351
27.51327 352
27.5129 353
27.51254 354
27.56217 355
27.51181 356
27.51144 357
27.51107 358
27.51071 359
27.51034 360
27.50998 361
27.55961 362
27.55925 363
27.50888 364
27.55852 365
27.50815 366
27.55779 367
27.50742 368
27.50706 369
27.5567 370
27.50633 371
27.50597 372
27.5056 373
27.50524 374
27.50487 375
27.50451 376
27.50415 377
27.50378 378
27.50342 379
27.55305 380
27.50269 381
27.50233 382
27.50196 383
27.5016 384
27.50123 385
27.55087 386
27.50051 387
27.50014 388
27.44978 389
27.44942 390
27.44905 391
27.44869 392
27.44833 393
27.44796 394
27.4976 395
27.44724 396
27.44687 397
27.44651 398
27.49615 399
27.44579 400
27.44542 401
27.44506 402
27.4447 403
27.49434 404
27.44397 405
27.49361 406
27.44325 407
27.44289 408
27.49252 409
27.49216 410
27.4918 411
27.49144 412
27.44107 413
27.44071 414
27.44035 415
27.48999 416
27.48963 417
27.48927 418
27.4389 419
27.43854 420
27.43818 421
27.43782 422
27.48746 423
27.4371 424
27.43674 425
27.48637 426
27.43601 427
27.48565 428
27.43529 429
27.43493 430
27.48457 431
27.48421 432
27.43385 433
27.48349 434
27.43313 435
27.38277 436
27.4324 437
27.43204 438
27.43168 439
27.38132 440
27.43096 441
27.3806 442
27.38024 443
27.37988 444
27.42952 445
27.37916 446
27.3788 447
27.42844 448
27.42808 449
27.42772 450
27.37736 451
27.427 452
27.42664 453
27.42628 454
27.42592 455
27.37556 456
27.42521 457
27.42485 458
27.37449 459
27.42413 460
27.42377 461
27.42341 462
27.37305 463
27.37269 464
27.42233 465
27.42197 466
27.37161 467
27.42126 468
27.4209 469
27.42054 470
27.42018 471
27.36982 472
27.41946 473
27.4191 474
27.41875 475
27.41839 476
27.41803 477
27.41767 478
27.41731 479
27.41696 480
27.3666 481
27.36624 482
27.36588 483
27.31552 484
27.36517 485
27.31481 486
27.31445 487
27.36409 488
27.36374 489
27.31338 490
27.36302 491
27.36266 492
27.36231 493
27.36195 494
27.31159 495
27.36123 496
27.36088 497
27.36052 498
27.36016 499
27.35981 500
27.35945 501
27.35909 502
27.35874 503
27.35838 504
27.35802 505
27.35767 506
27.35731 507
27.35695 508
27.3566 509
27.35624 510
27.35589 511
27.30553 512
27.35517 513
27.35482 514
27.35446 515
27.3541 516
27.35375 517
27.35339 518
27.35304 519
27.35268 520
27.35233 521
27.35197 522
27.35161 523
27.35126 524
27.3509 525
27.35055 526
27.35019 527
27.29984 528
27.29948 529
27.29913 530
27.29877 531
27.29842 532
27.29806 533
27.29771 534
27.29735 535
27.297 536
27.29664 537
27.29629 538
27.29593 539
27.29558 540
27.29523 541
27.24487 542
27.29452 543
27.29416 544
27.29381 545
27.29345 546
27.2931 547
27.29275 548
27.29239 549
27.29204 550
27.29168 551
27.29133 552
27.29098 553
27.29062 554
27.29027 555
27.28991 556
27.28956 557
27.28921 558
27.28885 559
27.2885 560
27.28815 561
27.28779 562
27.23744 563
27.28709 564
27.28673 565
27.28638 566
27.28603 567
27.28568 568
27.28532 569
27.28497 570
27.28462 571
27.28426 572
27.28391 573
27.28356 574
27.23321 575
27.28285 576
27.2325 577
27.23215 578
27.2318 579
27.28144 580
27.23109 581
27.23074 582
27.23039 583
27.23004 584
27.22968 585
27.22933 586
27.22898 587
27.22863 588
27.22828 589
27.22793 590
27.22757 591
27.22722 592
27.22687 593
27.22652 594
27.22617 595
27.22582 596
27.22547 597
27.22511 598
27.22476 599
27.22441 600
27.22406 601
27.22371 602
27.22336 603
27.22301 604
27.22266 605
27.22231 606
27.22196 607
27.22161 608
27.22125 609
27.2209 610
27.22055 611
27.2202 612
27.21985 613
27.2195 614
27.21915 615
27.2188 616
27.21845 617
27.2181 618
27.26775 619
27.2174 620
27.21705 621
27.2167 622
27.16635 623
27.166 624
27.16565 625
27.1653 626
27.16495 627
27.1646 628
27.16425 629
27.16391 630
27.16356 631
27.16321 632
27.16286 633
27.16251 634
27.16216 635
27.16181 636
27.16146 637
27.16111 638
27.16076 639
27.16041 640
27.16007 641
27.15972 642
27.15937 643
27.15902 644
27.15867 645
27.15832 646
27.20797 647
27.15763 648
27.15728 649
27.20693 650
27.15658 651
27.20623 652
27.15588 653
27.20554 654
27.15519 655
27.15484 656
27.15449 657
27.15415 658
27.1538 659
27.15345 660
27.1531 661
27.15275 662
27.15241 663
27.15206 664
27.20171 665
27.15136 666
27.15102 667
27.15067 668
27.15032 669
27.09998 670
27.09963 671
27.09928 672
27.14893 673
27.14859 674
27.14824 675
27.09789 676
27.09755 677
27.0972 678
27.09685 679
27.14651 680
27.09616 681
27.09581 682
27.09547 683
27.09512 684
27.14478 685
27.09443 686
27.14408 687
27.09374 688
27.09339 689
27.09304 690
27.1427 691
27.09235 692
27.14201 693
27.09166 694
27.14132 695
27.09097 696
27.09062 697
27.14028 698
27.08993 699
27.13959 700
27.13924 701
27.0889 702
27.13855 703
27.08821 704
27.13786 705
27.13752 706
27.13717 707
27.08683 708
27.13648 709
27.13614 710
27.08579 711
27.08545 712
27.0851 713
27.13476 714
27.13441 715
27.08407 716
27.13372 717
27.13338 718
27.03303 719
27.03269 720
27.03235 721
27.082 722
27.08166 723
27.08131 724
27.03097 725
27.08062 726
27.03028 727
27.07994 728
27.02959 729
27.02925 730
27.02891 731
27.07856 732
27.02822 733
27.02787 734
27.07753 735
27.02719 736
27.07684 737
27.0765 738
27.07616 739
27.07581 740
27.07547 741
27.07513 742
27.07478 743
27.07444 744
27.0741 745
27.02376 746
27.07341 747
27.07307 748
27.07273 749
27.02238 750
27.07204 751
27.0717 752
27.07136 753
27.02101 754
27.07067 755
27.07033 756
27.06999 757
27.01964 758
4.2693 759
27.06896 760
27.06862 761
27.01828 762
27.06793 763
27.01759 764
27.06725 765
27.06691 766
27.01657 767
27.01623 768
26.96588 769
27.01554 770
27.0152 771
27.01486 772
26.96452 773
27.01418 774
27.01383 775
27.01349 776
27.01315 777
26.96281 778
27.01247 779
27.01213 780
27.01179 781
27.01145 782
27.01111 783
27.01077 784
27.01042 785
26.96008 786
27.00974 787
27.0094 788
27.00906 789
26.95872 790
27.00838 791
27.05804 792
27.0077 793
27.00736 794
4.25702 795
27.00668 796
26.95634 797
27.006 798
26.95566 799
27.00532 800
