48.25 0
48.25 1
48.25 2
48.25 3
48.25 4
48.25 5
48.25 6
48.25 7
48.25 8
48.25 9
48.25 10
48.25 11
48.25 12
48.25 13
48.25 14
48.25 15
48.25 16
48.25 17
48.25 18
48.25 19
48.25 20
48.25 21
48.2 22
48.2 23
48.2 24
48.2 25
48.2 26
48.2 27
48.2 28
48.2 29
48.2 30
48.2 31
48.2 32
48.2 33
48.2 34
48.2 35
48.2 36
48.2 37
48.2 38
48.2 39
48.2 40
48.2 41
48.2 42
48.2 43
48.2 44
48.2 45
48.2 47
48.2 48
48.2 50
48.2 51
48.2 52
48.2 53
48.2 54
48.2 55
48.2 56
48.15 58
48.15 59
48.15 64
48.15 66
48.15 67
48.15 68
48.15 69
48.15 70
48.15 71
48.15 72
48.15 75
48.15 80
48.15 81
48.15 86
48.15 88
48.1 105
