45.79545 1
45.79507 2
45.64468 3
45.74429 4
45.8439 5
45.59352 6
45.64313 7
45.89274 8
45.69235 9
45.94197 10
45.69158 11
45.89119 12
46.0408 13
45.89042 14
45.84003 15
45.93964 16
46.03926 17
45.83887 18
45.73848 19
45.6881 20
45.68771 21
45.88732 22
46.18694 23
45.88655 24
45.73616 25
45.88578 26
45.83539 27
45.78501 28
45.68423 30
45.78385 31
45.78346 32
45.63308 33
45.58269 34
45.73192 36
45.78153 37
45.78076 39
45.68038 40
45.77999 41
45.62961 42
45.82922 43
45.72884 44
45.82845 45
45.67807 46
45.77768 47
45.8773 48
46.02653 50
45.82614 51
45.77576 52
45.87499 54
45.67384 57
46.02345 58
46.02268 60
45.72192 62
45.72153 63
45.77076 65
45.72038 66
45.61923 69
46.11846 71
45.86808 72
45.71693 75
45.66617 77
45.7654 79
45.86463 81
45.81425 82
45.71349 84
45.7631 85
45.71081 91
45.86043 92
45.81005 93
45.9589 96
45.8009 117
45.74938 121
45.79862 123
45.6952 132
45.64445 134
