60.09545 1
59.79507 2
59.79468 3
59.84429 4
59.8939 5
59.84352 6
60.09313 7
59.64274 8
59.84235 9
60.14197 10
59.74158 11
59.94119 12
60.0908 13
59.74042 14
59.89003 15
59.73964 16
59.63926 17
59.88887 18
59.73848 19
59.93732 22
60.08694 23
59.78616 25
59.88578 26
59.83501 28
59.98462 29
59.68385 31
59.78346 32
59.7823 35
59.83192 36
59.73153 37
59.93115 38
59.83076 39
59.88038 40
59.77999 41
59.97845 45
59.92576 52
60.07537 53
59.87345 58
59.71923 69
59.9677 73
59.91463 81
59.76081 91
59.95623 103
