40.09545 1
40.34507 2
40.29468 3
40.29429 4
40.2439 5
40.19352 6
40.64313 7
40.34274 8
40.44235 9
40.44197 10
40.34158 11
40.29119 12
40.4408 13
40.29042 14
40.43964 16
40.28848 19
40.33771 21
40.23732 22
40.28694 23
40.28655 24
40.13616 25
40.23578 26
40.28501 28
40.18462 29
40.23423 30
40.28385 31
40.18269 34
40.4323 35
40.13192 36
40.33115 38
40.28076 39
40.18038 40
40.12999 41
40.52961 42
40.32884 44
40.22845 45
40.37691 49
40.42653 50
40.57576 52
40.17537 53
40.17499 54
40.32461 55
40.32345 58
40.17307 59
40.3223 61
40.37192 62
40.07153 63
40.52076 65
40.17038 66
40.57 67
40.46961 68
40.51846 71
40.2177 73
40.21693 75
40.16617 77
40.26578 78
40.2154 79
40.21463 81
40.16272 86
40.11196 88
40.21119 90
40.31043 92
40.25967 94
40.25928 95
40.15814 98
40.3509 117
