29.19545 1
29.14507 2
29.29468 3
29.14429 4
29.2439 5
29.19352 6
29.14313 7
29.24274 8
29.14235 9
29.49197 10
29.24158 11
29.19119 12
29.2408 13
29.39042 14
29.23887 18
29.13848 19
29.2881 20
29.18771 21
29.13732 22
29.28694 23
29.18655 24
29.18616 25
29.68578 26
29.18539 27
29.38501 28
29.38462 29
29.23423 30
29.23385 31
29.33346 32
29.48308 33
29.28269 34
29.4823 35
29.18192 36
29.33153 37
29.18076 39
29.22999 41
29.42961 42
29.27922 43
29.22884 44
29.17807 46
29.27768 47
29.1773 48
29.17691 49
29.17653 50
29.42576 52
29.22537 53
29.22499 54
29.22461 55
29.22422 56
29.42345 58
29.27307 59
29.37268 60
29.3223 61
29.32076 65
29.37038 66
29.26961 68
29.31923 69
29.61885 70
29.36846 71
29.21808 72
29.36655 76
29.41463 81
29.26349 84
29.56272 86
29.21081 91
29.16043 92
29.30928 95
29.40852 97
29.14976 120
29.14028 145
