65.44545 1
65.54507 2
65.44468 3
65.44429 4
65.4439 5
65.39352 6
65.44313 7
65.49274 8
65.44235 9
65.44197 10
65.49158 11
65.49119 12
65.4408 13
65.49042 14
65.44003 15
65.43964 16
65.38926 17
65.43887 18
65.48848 19
65.4881 20
65.43771 21
65.48732 22
65.58694 23
65.58655 24
65.43616 25
65.48578 26
65.53539 27
65.43501 28
65.53462 29
65.43423 30
65.48385 31
65.43346 32
65.43308 33
65.43269 34
65.4823 35
65.43192 36
65.38153 37
65.38115 38
65.38076 39
65.43038 40
65.47999 41
65.47961 42
65.37922 43
65.42884 44
65.52845 45
65.42807 46
65.47768 47
65.4773 48
65.47691 49
65.47653 50
65.42614 51
65.52576 52
65.47537 53
65.42499 54
65.52461 55
65.42422 56
65.42384 57
65.37345 58
65.37307 59
65.42268 60
65.4223 61
65.57192 62
65.82153 63
65.42115 64
65.52076 65
65.42038 66
65.42 67
65.41961 68
65.46923 69
65.41885 70
65.41846 71
65.51808 72
65.5177 73
65.56731 74
65.51693 75
65.41655 76
65.36617 77
65.36578 78
65.4654 79
65.46502 80
65.41463 81
65.56425 82
65.61387 83
65.41349 84
65.3631 85
65.36272 86
65.46234 87
65.41196 88
65.41158 89
65.61119 90
65.56081 91
65.46043 92
65.51005 93
65.35967 94
65.35928 95
65.4089 96
65.50852 97
65.45814 98
65.35776 99
65.50738 100
65.70699 101
65.45661 102
65.40623 103
65.35585 104
65.40547 105
65.45509 106
65.55471 107
65.40433 108
65.40395 109
65.40357 110
65.50318 111
65.5528 112
65.45242 113
65.45204 114
65.60166 115
65.45128 116
65.4009 117
65.45052 118
65.35014 119
65.29976 120
65.44938 121
65.349 122
65.54862 123
65.34824 124
65.34786 125
65.39748 126
65.4971 127
65.39672 128
65.34634 129
65.49596 130
65.39558 131
65.4452 132
65.44482 133
65.44445 134
65.49407 135
65.34369 136
65.64331 137
65.69293 138
65.49255 139
65.29217 140
65.39179 141
65.39141 142
65.34103 143
65.49066 144
65.44028 145
65.4399 146
65.38952 147
65.63914 148
65.53876 149
65.33839 150
65.33801 151
65.38763 152
65.43725 153
65.78687 154
65.4865 155
65.48612 156
65.48574 157
65.63536 158
65.53498 159
65.73461 160
65.48423 161
65.38385 162
65.38347 163
65.3831 164
65.23272 165
65.53234 166
65.68197 167
65.38159 168
65.38121 169
65.43083 170
65.33046 171
65.58008 172
65.3297 173
65.47895 175
65.3782 177
65.42782 178
65.47744 179
65.42707 180
65.32669 181
65.52632 182
65.47594 183
65.32556 184
65.62519 185
65.37481 186
65.42406 188
65.42368 189
65.72293 191
65.37256 192
65.77181 194
65.37143 195
65.72106 196
65.32068 197
65.36956 200
65.51918 201
65.31881 202
65.36843 203
65.51806 204
65.51768 205
65.61731 206
65.41693 207
65.41656 208
65.36618 209
65.26581 210
65.41543 211
65.36506 212
65.36468 213
65.76394 215
65.56356 216
65.41281 218
65.41244 219
65.41169 221
65.21095 223
65.56057 224
65.30983 226
65.65945 227
65.40908 228
65.40871 229
65.25833 230
65.50721 233
65.40684 234
65.55647 235
65.55609 236
65.40572 237
65.50535 238
65.3046 240
65.65423 241
65.60349 243
65.50274 245
65.50237 246
65.652 247
65.40125 249
65.39939 254
65.29902 255
65.54865 256
65.44679 261
65.49531 265
65.59494 266
65.39346 270
65.49309 271
65.59012 279
65.38975 280
65.48938 281
65.33679 288
65.28532 292
65.58089 304
65.57463 321
65.56473 348
