4 851
3.99511 852
3.99023 853
3.98536 854
3.9805 855
3.97566 856
3.97083 857
3.96601 858
3.9612 859
3.9564 860
3.95161 861
3.94684 862
3.94208 863
3.93732 864
3.93258 865
3.92786 866
3.92314 867
3.91843 868
3.91374 869
3.90905 870
3.90438 871
3.89972 872
3.89507 873
3.89043 874
3.8858 875
3.88119 876
3.87658 877
3.87199 878
3.8674 879
3.85827 881
3.85372 882
3.84918 883
3.84464 884
3.83562 886
3.83112 887
3.82215 889
3.81769 890
3.81323 891
3.80878 892
3.80435 893
3.79992 894
3.79551 895
3.7911 896
3.78671 897
3.78232 898
3.77795 899
3.77358 900
26.85532 801
4.24978 802
4.24426 803
4.23875 804
4.23326 805
4.22778 806
4.22232 807
26.81687 808
26.81143 809
26.80601 810
4.2006 811
26.79521 812
4.18982 813
26.83446 814
4.1791 815
26.77376 816
26.81844 817
26.76313 818
4.15783 819
26.85254 820
4.14727 821
26.79201 822
4.13677 823
4.13153 824
4.12111 826
4.11592 827
4.11074 828
4.10557 829
4.10042 830
4.09528 831
4.09015 832
4.08504 833
4.07993 834
4.07484 835
4.06977 836
4.0647 837
4.05965 838
4.05461 839
4.04959 840
4.03957 842
4.03458 843
4.02961 844
4.02464 845
4.01475 847
4.00982 848
4.0049 849
4 850
27.94545 1
27.94507 2
27.89468 3
27.94429 4
27.8939 5
27.94352 6
27.94313 7
27.94274 8
27.94235 9
27.94197 10
27.94158 11
27.94119 12
27.9408 13
27.94042 14
27.94003 15
27.93964 16
27.93926 17
27.93887 18
27.93848 19
27.9381 20
27.93771 21
27.93732 22
27.93694 23
27.93655 24
27.93616 25
27.93578 26
27.93539 27
27.93501 28
27.88462 29
27.93423 30
27.93385 31
27.93346 32
27.88308 33
27.88269 34
27.8823 35
27.88192 36
27.88153 37
27.88115 38
27.88076 39
27.88038 40
27.87999 41
27.87961 42
27.87922 43
27.87884 44
27.87845 45
27.87807 46
27.87768 47
27.8773 48
27.87691 49
27.87653 50
27.87614 51
27.87576 52
27.87537 53
27.87499 54
27.87461 55
27.87422 56
27.87384 57
27.87345 58
27.87307 59
27.87268 60
27.8723 61
27.87192 62
27.87153 63
27.87115 64
27.87076 65
27.87038 66
27.87 67
27.86961 68
27.86923 69
27.86885 70
27.86846 71
27.86808 72
27.8677 73
27.86731 74
27.86693 75
27.81655 76
27.81617 77
27.81578 78
27.8154 79
27.81502 80
27.81463 81
27.81425 82
27.81387 83
27.81349 84
27.8131 85
27.81272 86
27.81234 87
27.81196 88
27.81158 89
27.81119 90
27.81081 91
27.81043 92
27.81005 93
27.80967 94
27.80928 95
27.8089 96
27.80852 97
27.80814 98
27.80776 99
27.80738 100
27.80699 101
27.80661 102
27.80623 103
27.80585 104
27.80547 105
27.80509 106
27.80471 107
27.80433 108
27.80395 109
27.80357 110
27.80318 111
27.8028 112
27.80242 113
27.80204 114
27.80166 115
27.80128 116
27.8009 117
27.80052 118
27.80014 119
27.74976 120
27.74938 121
27.749 122
27.74862 123
27.74824 124
27.74786 125
27.74748 126
27.7471 127
27.74672 128
27.74634 129
27.74596 130
27.74558 131
27.7452 132
27.74482 133
27.74445 134
27.74407 135
27.74369 136
27.74331 137
27.74293 138
27.74255 139
27.74217 140
27.74179 141
27.74141 142
27.74103 143
27.74066 144
27.74028 145
27.7399 146
27.73952 147
27.73914 148
27.73876 149
27.73839 150
27.73801 151
27.73763 152
27.73725 153
27.73687 154
27.7365 155
27.73612 156
27.73574 157
27.73536 158
27.73498 159
27.73461 160
27.73423 161
27.73385 162
27.73347 163
27.6831 164
27.68272 165
27.68234 166
27.68197 167
27.68159 168
27.68121 169
27.68083 170
27.68046 171
27.68008 172
27.6797 173
27.67933 174
27.67895 175
27.67857 176
27.6782 177
27.67782 178
27.67744 179
27.67707 180
27.67669 181
27.67632 182
27.67594 183
27.67556 184
27.67519 185
27.67481 186
27.67444 187
27.67406 188
27.67368 189
27.67331 190
27.67293 191
27.67256 192
27.67218 193
27.67181 194
27.67143 195
27.67106 196
27.67068 197
27.67031 198
27.66993 199
27.66956 200
27.66918 201
27.66881 202
27.66843 203
27.66806 204
27.66768 205
27.66731 206
27.66693 207
27.61656 208
27.61618 209
27.61581 210
27.61543 211
27.61506 212
27.61468 213
27.61431 214
27.61394 215
27.61356 216
27.61319 217
27.61281 218
27.61244 219
27.61207 220
27.61169 221
27.61132 222
27.61095 223
27.61057 224
27.6102 225
27.60983 226
27.60945 227
27.60908 228
27.60871 229
27.60833 230
27.60796 231
27.60759 232
27.60721 233
27.60684 234
27.60647 235
27.60609 236
27.60572 237
27.60535 238
27.60498 239
27.6046 240
27.60423 241
27.60386 242
27.60349 243
27.60311 244
27.60274 245
27.60237 246
27.602 247
27.60163 248
27.60125 249
27.60088 250
27.60051 251
27.60014 252
27.54977 253
27.54939 254
27.54902 255
27.54865 256
27.54828 257
27.54791 258
27.54754 259
27.54717 260
27.54679 261
27.54642 262
27.59605 263
27.54568 264
27.54531 265
27.54494 266
27.59457 267
27.5442 268
27.54383 269
27.54346 270
27.54309 271
27.54271 272
27.59234 273
27.54197 274
27.5416 275
27.54123 276
27.54086 277
27.54049 278
27.59012 279
27.53975 280
27.53938 281
27.58901 282
27.53864 283
27.53827 284
27.5379 285
27.53753 286
27.53716 287
27.53679 288
27.53642 289
27.53605 290
27.58569 291
27.58532 292
27.58495 293
27.53458 294
27.53421 295
27.53384 296
27.53347 297
27.4831 298
27.48273 299
27.53236 300
27.48199 301
27.53163 302
27.53126 303
27.48089 304
27.48052 305
27.48015 306
27.52978 307
27.47941 308
27.47905 309
27.47868 310
27.47831 311
27.47794 312
27.47757 313
27.52721 314
27.52684 315
27.47647 316
27.5261 317
27.52573 318
27.47537 319
27.525 320
27.47463 321
27.47426 322
27.4739 323
27.52353 324
27.52316 325
27.52279 326
27.47243 327
27.52206 328
27.47169 329
27.52133 330
27.47096 331
27.47059 332
27.52023 333
27.51986 334
27.46949 335
27.46913 336
27.46876 337
27.46839 338
27.51803 339
27.51766 340
27.46729 341
27.46693 342
27.41656 343
27.46619 344
27.41583 345
27.41546 346
27.4151 347
27.46473 348
27.41436 349
27.414 350
27.46363 351
27.46327 352
27.4129 353
27.46254 354
27.46217 355
27.41181 356
27.46144 357
27.46107 358
27.46071 359
27.46034 360
27.40998 361
27.45961 362
27.45925 363
27.45888 364
27.40852 365
27.40815 366
27.45779 367
27.45742 368
27.45706 369
27.4567 370
27.45633 371
27.40597 372
27.4556 373
27.45524 374
27.45487 375
27.45451 376
27.45415 377
27.45378 378
27.45342 379
27.45305 380
27.45269 381
27.45233 382
27.45196 383
27.4516 384
27.45123 385
27.45087 386
27.45051 387
27.45014 388
27.34978 389
27.34942 390
27.39905 391
27.39869 392
27.39833 393
27.39796 394
27.3976 395
27.39724 396
27.39687 397
27.39651 398
27.39615 399
27.39579 400
27.34542 401
27.39506 402
27.3947 403
27.39434 404
27.39397 405
27.39361 406
27.39325 407
27.39289 408
27.39252 409
27.39216 410
27.3918 411
27.39144 412
27.39107 413
27.39071 414
27.39035 415
27.38999 416
27.38963 417
27.38927 418
27.3889 419
27.38854 420
27.38818 421
27.38782 422
27.38746 423
27.3871 424
27.38674 425
27.38637 426
27.38601 427
27.38565 428
27.38529 429
27.38493 430
27.38457 431
27.38421 432
27.38385 433
27.38349 434
27.33313 435
27.33277 436
27.3324 437
27.33204 438
27.33168 439
27.33132 440
27.33096 441
27.3306 442
27.33024 443
27.32988 444
27.32952 445
27.32916 446
27.3288 447
27.32844 448
27.32808 449
27.32772 450
27.32736 451
27.327 452
27.32664 453
27.32628 454
27.32592 455
27.32556 456
27.32521 457
27.32485 458
27.32449 459
27.32413 460
27.32377 461
27.32341 462
27.32305 463
27.32269 464
27.32233 465
27.32197 466
27.32161 467
27.32126 468
27.3209 469
27.32054 470
27.32018 471
27.31982 472
27.31946 473
27.3191 474
27.31875 475
27.31839 476
27.31803 477
27.31767 478
27.31731 479
27.31696 480
27.2666 481
27.26624 482
27.26588 483
27.26552 484
27.26517 485
27.26481 486
27.26445 487
27.26409 488
27.26374 489
27.26338 490
27.26302 491
27.26266 492
27.26231 493
27.26195 494
27.26159 495
27.26123 496
27.26088 497
27.26052 498
27.26016 499
27.25981 500
27.25945 501
27.25909 502
27.25874 503
27.25838 504
27.25802 505
27.25767 506
27.25731 507
27.25695 508
27.2566 509
27.25624 510
27.25589 511
27.25553 512
27.25517 513
27.25482 514
27.25446 515
27.2541 516
27.25375 517
27.25339 518
27.25304 519
27.25268 520
27.25233 521
27.25197 522
27.25161 523
27.25126 524
27.2509 525
27.25055 526
27.25019 527
27.19984 528
27.19948 529
27.19913 530
27.19877 531
27.19842 532
27.19806 533
27.19771 534
27.19735 535
27.197 536
27.19664 537
27.19629 538
27.19593 539
27.19558 540
27.19523 541
27.19487 542
27.19452 543
27.19416 544
27.19381 545
27.19345 546
27.1931 547
27.24275 548
27.19239 549
27.19204 550
27.19168 551
27.19133 552
27.19098 553
27.19062 554
27.19027 555
27.18991 556
27.18956 557
27.18921 558
27.18885 559
27.1885 560
27.18815 561
4.33779 562
27.18744 563
27.18709 564
27.18673 565
27.18638 566
27.18603 567
27.18568 568
27.18532 569
27.18497 570
27.18462 571
27.18426 572
27.18391 573
27.18356 574
27.13321 575
27.13285 576
27.1325 577
27.13215 578
27.1318 579
27.13144 580
27.13109 581
27.13074 582
27.13039 583
27.13004 584
27.12968 585
27.12933 586
27.12898 587
27.12863 588
27.12828 589
27.12793 590
27.12757 591
27.12722 592
27.12687 593
27.12652 594
27.12617 595
27.12582 596
4.32547 597
27.12511 598
27.12476 599
27.12441 600
27.12406 601
27.12371 602
27.12336 603
27.12301 604
27.12266 605
27.12231 606
27.12196 607
27.12161 608
27.12125 609
27.1209 610
27.17055 611
27.1202 612
27.11985 613
27.1195 614
27.11915 615
27.1188 616
27.11845 617
27.1181 618
27.11775 619
27.1174 620
27.11705 621
27.1167 622
27.06635 623
27.066 624
27.06565 625
27.0653 626
27.06495 627
27.0646 628
27.06425 629
27.06391 630
27.06356 631
27.06321 632
27.11286 633
27.11251 634
27.06216 635
27.06181 636
27.06146 637
27.06111 638
27.06076 639
4.31041 640
27.06007 641
27.05972 642
27.05937 643
27.05902 644
27.05867 645
27.05832 646
27.05797 647
4.30763 648
27.05728 649
27.05693 650
27.05658 651
27.05623 652
27.05588 653
27.05554 654
4.30519 655
27.05484 656
27.05449 657
27.10415 658
27.1038 659
27.05345 660
27.0531 661
27.05275 662
27.05241 663
27.05206 664
27.10171 665
27.05136 666
27.05102 667
27.10067 668
27.05032 669
26.99998 670
26.99963 671
4.29928 672
4.29893 673
26.99859 674
27.04824 675
4.29789 676
27.04755 677
27.0472 678
27.04685 679
27.04651 680
26.99616 681
26.99581 682
26.99547 683
27.04512 684
26.99478 685
4.29443 686
27.04408 687
26.99374 688
4.29339 689
4.29304 690
26.9927 691
26.99235 692
26.99201 693
26.99166 694
26.99132 695
26.99097 696
4.29062 697
26.99028 698
27.03993 699
26.98959 700
26.98924 701
27.0389 702
26.98855 703
26.98821 704
26.98786 705
27.03752 706
26.98717 707
27.03683 708
27.03648 709
4.28614 710
26.98579 711
4.28545 712
26.9851 713
4.28476 714
26.98441 715
27.03407 716
4.28372 717
27.03338 718
26.93303 719
4.28269 720
26.93235 721
26.932 722
4.28166 723
26.93131 724
4.28097 725
4.28062 726
26.93028 727
4.27994 728
4.27959 729
26.97925 730
4.27891 731
26.97856 732
4.27822 733
26.97787 734
26.97753 735
4.27719 736
4.27684 737
26.9765 738
4.27616 739
4.27581 740
4.27547 741
4.27513 742
4.27478 743
4.27444 744
26.9241 745
4.27376 746
4.27341 747
26.92307 748
4.27273 749
26.92238 750
26.92204 751
4.2717 752
26.97136 753
4.27101 754
4.27067 755
26.97033 756
4.26999 757
26.96964 758
4.2693 759
26.91896 760
4.26862 761
4.26828 762
4.26793 763
26.96759 764
4.26725 765
26.91691 766
26.86657 767
26.91623 768
4.26588 769
26.86554 770
26.9152 771
26.86486 772
4.26452 773
4.26418 774
26.86383 775
4.26349 776
4.26315 777
4.26281 778
4.26247 779
26.91213 780
26.86179 781
26.86145 782
26.86111 783
26.91077 784
26.91042 785
26.91008 786
4.25974 787
4.2594 788
4.25906 789
4.25872 790
4.25838 791
4.25804 792
26.9077 793
4.25736 794
4.25702 795
26.85668 796
4.25634 797
4.256 798
4.25566 799
4.25532 800
