3.89972 872
3.89507 873
3.87658 877
3.87199 878
3.83562 886
3.79992 894
3.79551 895
27.15532 801
27.09978 802
27.19426 803
27.28875 804
27.18326 805
27.22778 806
27.17232 807
27.36687 808
27.16143 809
28.09545 1
28.04507 2
28.09468 3
28.09429 4
28.0939 5
28.09352 6
28.04313 7
28.09274 8
28.04235 9
28.09197 10
28.09158 11
28.09119 12
28.0908 13
28.09042 14
28.04003 15
28.08964 16
28.08926 17
28.08887 18
28.08848 19
28.0881 20
28.08771 21
28.08732 22
28.08694 23
28.03655 24
28.03616 25
28.08578 26
28.08539 27
28.08501 28
28.08462 29
28.03423 30
28.08385 31
28.08346 32
27.98308 33
28.03269 34
28.0323 35
28.03192 36
28.03153 37
28.03115 38
28.03076 39
28.03038 40
28.02999 41
28.02961 42
27.97922 43
27.97884 44
28.02845 45
28.02807 46
28.02768 47
28.0273 48
27.97691 49
28.02653 50
28.02614 51
28.02576 52
28.02537 53
28.02499 54
28.02461 55
28.02422 56
28.02384 57
28.02345 58
28.02307 59
28.02268 60
28.0223 61
28.02192 62
28.02153 63
28.02115 64
28.02076 65
28.02038 66
28.02 67
28.01961 68
28.01923 69
28.01885 70
28.01846 71
28.01808 72
28.0177 73
28.01731 74
28.01693 75
27.96655 76
27.96617 77
27.96578 78
28.0154 79
27.96502 80
27.96463 81
27.96425 82
27.96387 83
27.96349 84
27.9631 85
27.96272 86
27.96234 87
27.96196 88
27.96158 89
27.96119 90
27.96081 91
27.96043 92
27.96005 93
27.95967 94
27.95928 95
27.9589 96
27.95852 97
27.95814 98
27.95776 99
27.95738 100
27.95699 101
27.95661 102
27.95623 103
27.95585 104
27.95547 105
28.00509 106
27.95471 107
27.95433 108
27.95395 109
27.95357 110
27.95318 111
27.9528 112
28.00242 113
27.95204 114
27.95166 115
27.95128 116
27.9509 117
27.95052 118
27.95014 119
27.89976 120
27.89938 121
27.899 122
27.89862 123
27.89824 124
27.89786 125
27.94748 126
27.8971 127
27.89672 128
27.89634 129
27.89596 130
27.89558 131
27.8952 132
27.89482 133
27.89445 134
27.89407 135
27.89369 136
27.89331 137
27.89293 138
27.89255 139
27.89217 140
27.94179 141
27.89141 142
27.89103 143
27.89066 144
27.94028 145
27.9399 146
27.88952 147
27.93914 148
27.88876 149
27.93839 150
27.88801 151
27.93763 152
27.88725 153
27.88687 154
27.8865 155
27.88612 156
27.88574 157
27.93536 158
27.88498 159
27.93461 160
27.88423 161
27.88385 162
27.88347 163
27.8331 164
27.83272 165
27.83234 166
27.83197 167
27.83159 168
27.83121 169
27.83083 170
27.83046 171
27.83008 172
27.8297 173
27.82933 174
27.87895 175
27.87857 176
27.8282 177
27.82782 178
27.82744 179
27.87707 180
27.82669 181
27.87632 182
27.82594 183
27.82556 184
27.87519 185
27.82481 186
27.87444 187
27.82406 188
27.87368 189
27.87331 190
27.87293 191
27.82256 192
27.82218 193
27.82181 194
27.87143 195
27.87106 196
27.82068 197
27.82031 198
27.81993 199
27.86956 200
27.86918 201
27.86881 202
27.81843 203
27.86806 204
27.81768 205
27.86731 206
27.86693 207
27.81656 208
27.81618 209
27.76581 210
27.76543 211
27.76506 212
27.81468 213
27.81431 214
27.76394 215
27.81356 216
27.81319 217
27.81281 218
27.76244 219
27.76207 220
27.81169 221
27.76132 222
27.81095 223
27.81057 224
27.7602 225
27.75983 226
27.80945 227
27.80908 228
27.80871 229
27.80833 230
27.80796 231
27.80759 232
27.80721 233
27.80684 234
27.80647 235
27.80609 236
27.80572 237
27.75535 238
27.80498 239
27.8046 240
27.80423 241
27.80386 242
27.80349 243
27.80311 244
27.80274 245
27.80237 246
27.802 247
27.75163 248
27.80125 249
27.80088 250
27.80051 251
27.80014 252
27.74977 253
27.74939 254
27.74902 255
27.69865 256
27.74828 257
27.74791 258
27.74754 259
27.74717 260
27.74679 261
27.74642 262
27.74605 263
27.69568 264
27.74531 265
27.74494 266
27.69457 267
27.7442 268
27.74383 269
27.74346 270
27.74309 271
27.74271 272
27.74234 273
27.74197 274
27.7416 275
27.74123 276
27.74086 277
27.74049 278
27.74012 279
27.73975 280
27.68938 281
27.73901 282
27.73864 283
27.73827 284
27.7379 285
27.73753 286
27.68716 287
27.73679 288
27.73642 289
27.73605 290
27.73569 291
27.73532 292
27.73495 293
27.73458 294
27.73421 295
27.73384 296
27.68347 297
27.6831 298
27.68273 299
27.63236 300
27.73199 301
27.68163 302
27.68126 303
27.68089 304
27.68052 305
27.68015 306
27.67978 307
27.67941 308
27.67905 309
27.67868 310
27.67831 311
27.67794 312
27.67757 313
27.67721 314
27.67684 315
27.67647 316
27.6761 317
27.67573 318
27.67537 319
27.675 320
27.67463 321
27.67426 322
27.6739 323
27.67353 324
27.67316 325
27.67279 326
27.67243 327
27.67206 328
27.67169 329
27.72133 330
27.67096 331
27.67059 332
27.67023 333
27.66986 334
27.66949 335
27.66913 336
27.66876 337
27.66839 338
27.66803 339
27.66766 340
27.66729 341
27.66693 342
27.61656 343
27.61619 344
27.66583 345
27.61546 346
27.6651 347
27.61473 348
27.61436 349
27.614 350
27.61363 351
27.66327 352
27.6129 353
27.61254 354
27.61217 355
27.61181 356
27.66144 357
27.61107 358
27.61071 359
27.61034 360
27.60998 361
27.60961 362
27.60925 363
27.60888 364
27.60852 365
27.60815 366
27.60779 367
27.65742 368
27.65706 369
27.6567 370
27.60633 371
27.60597 372
27.6556 373
27.60524 374
27.65487 375
27.60451 376
27.60415 377
27.60378 378
27.65342 379
27.60305 380
27.60269 381
27.60233 382
27.65196 383
27.6016 384
27.60123 385
27.60087 386
27.60051 387
27.60014 388
27.59978 389
27.54942 390
27.54905 391
27.54869 392
27.59833 393
27.54796 394
27.5976 395
27.54724 396
27.54687 397
27.54651 398
27.59615 399
27.54579 400
27.59542 401
27.59506 402
27.5447 403
27.59434 404
27.54397 405
27.59361 406
27.54325 407
27.54289 408
27.59252 409
27.54216 410
27.5918 411
27.54144 412
27.59107 413
27.59071 414
27.54035 415
27.58999 416
27.53963 417
27.53927 418
27.5889 419
27.53854 420
27.53818 421
27.58782 422
27.58746 423
27.5371 424
27.58674 425
27.58637 426
27.53601 427
27.53565 428
27.58529 429
27.58493 430
27.53457 431
27.58421 432
27.58385 433
27.58349 434
27.48313 435
27.53277 436
27.5324 437
27.53204 438
27.48168 439
27.53132 440
27.48096 441
27.5306 442
27.53024 443
27.47988 444
27.52952 445
27.47916 446
27.5288 447
27.47844 448
27.52808 449
27.47772 450
27.52736 451
27.577 452
27.47664 453
27.52628 454
27.47592 455
27.47556 456
27.47521 457
27.52485 458
27.52449 459
27.52413 460
27.52377 461
27.52341 462
27.52305 463
27.52269 464
27.52233 465
27.47197 466
27.52161 467
27.52126 468
27.5209 469
27.52054 470
27.52018 471
27.51982 472
27.51946 473
27.4691 474
27.51875 475
27.46839 476
27.51803 477
27.51767 478
27.46731 479
27.51696 480
27.4666 481
27.46624 482
27.46588 483
27.46552 484
27.46517 485
27.46481 486
27.46445 487
27.46409 488
27.41374 489
27.46338 490
27.41302 491
27.46266 492
27.41231 493
27.41195 494
27.46159 495
27.46123 496
27.46088 497
27.41052 498
27.46016 499
27.45981 500
27.45945 501
27.45909 502
27.45874 503
27.45838 504
27.45802 505
27.45767 506
27.45731 507
27.45695 508
27.5066 509
27.45624 510
27.45589 511
27.45553 512
27.45517 513
27.45482 514
27.45446 515
27.4541 516
27.45375 517
27.45339 518
27.50304 519
27.45268 520
27.45233 521
27.45197 522
27.45161 523
27.45126 524
27.4509 525
27.45055 526
27.45019 527
27.39984 528
27.44948 529
27.39913 530
27.39877 531
27.39842 532
27.39806 533
27.44771 534
27.39735 535
27.397 536
27.44664 537
27.39629 538
27.39593 539
27.34558 540
27.39523 541
27.39487 542
27.39452 543
27.39416 544
27.39381 545
27.39345 546
27.3931 547
27.39275 548
27.39239 549
27.39204 550
27.39168 551
27.39133 552
27.44098 553
27.39062 554
27.44027 555
27.38991 556
27.38956 557
27.43921 558
27.38885 559
27.3885 560
27.38815 561
27.38779 562
27.38744 563
27.38709 564
27.38673 565
27.43638 566
27.38603 567
27.38568 568
27.38532 569
27.38497 570
27.43462 571
27.43426 572
27.38391 573
27.38356 574
27.33321 575
27.33285 576
27.3825 577
27.38215 578
27.3318 579
27.33144 580
27.33109 581
27.38074 582
27.33039 583
27.33004 584
27.32968 585
27.37933 586
27.37898 587
27.32863 588
27.32828 589
27.32793 590
27.37757 591
27.37722 592
27.32687 593
27.37652 594
27.32617 595
27.32582 596
27.32547 597
27.37511 598
27.32476 599
27.37441 600
27.37406 601
27.37371 602
27.32336 603
27.32301 604
27.37266 605
27.32231 606
27.37196 607
27.37161 608
27.32125 609
27.3209 610
27.37055 611
27.3702 612
27.36985 613
27.3195 614
27.31915 615
27.3188 616
27.36845 617
27.3681 618
27.31775 619
27.3174 620
27.31705 621
27.3667 622
27.31635 623
27.266 624
27.26565 625
27.3153 626
27.31495 627
27.3146 628
27.26425 629
27.26391 630
27.31356 631
27.26321 632
27.26286 633
27.26251 634
27.31216 635
27.26181 636
27.26146 637
27.26111 638
27.31076 639
27.31041 640
27.31007 641
27.30972 642
27.35937 643
27.30902 644
27.30867 645
27.30832 646
27.25797 647
27.25763 648
27.30728 649
27.30693 650
27.25658 651
27.30623 652
27.30588 653
27.30554 654
27.25519 655
27.30484 656
27.30449 657
27.30415 658
27.3038 659
27.30345 660
27.3531 661
27.30275 662
27.30241 663
27.30206 664
27.25171 665
27.30136 666
27.30102 667
27.25067 668
27.30032 669
27.24998 670
27.24963 671
27.24928 672
27.24893 673
27.24859 674
27.24824 675
27.24789 676
27.24755 677
27.2472 678
27.24685 679
27.29651 680
27.29616 681
27.24581 682
27.24547 683
27.24512 684
27.24478 685
27.29443 686
27.24408 687
27.29374 688
27.24339 689
27.24304 690
27.2427 691
27.24235 692
27.29201 693
27.29166 694
27.24132 695
27.24097 696
27.24062 697
27.24028 698
27.23993 699
27.23959 700
27.23924 701
27.2889 702
27.28855 703
27.18821 704
27.23786 705
27.23752 706
27.23717 707
27.23683 708
27.18648 709
27.23614 710
27.23579 711
27.23545 712
27.2351 713
27.23476 714
27.23441 715
27.23407 716
27.23372 717
27.18338 718
27.18303 719
27.18269 720
27.18235 721
27.182 722
27.18166 723
27.23131 724
27.18097 725
27.23062 726
27.18028 727
27.22994 728
27.17959 729
27.17925 730
27.22891 731
27.17856 732
27.17822 733
27.22787 734
27.17753 735
27.17719 736
27.17684 737
27.1765 738
27.17616 739
27.17581 740
27.17547 741
27.17513 742
27.17478 743
27.22444 744
27.2241 745
27.17376 746
27.17341 747
27.17307 748
27.17273 749
27.17238 750
27.17204 751
27.2217 752
27.17136 753
27.22101 754
27.22067 755
27.17033 756
27.21999 757
27.16964 758
27.1693 759
27.21896 760
27.16862 761
27.16828 762
27.16793 763
27.26759 764
27.21725 765
27.16691 766
27.11657 767
27.11623 768
27.11588 769
27.11554 770
27.1652 771
27.16486 772
27.11452 773
27.11418 774
27.16383 775
27.16349 776
27.11315 777
27.16281 778
27.16247 779
4.26213 780
27.11179 781
27.11145 782
27.16111 783
27.11077 784
27.11042 785
27.16008 786
27.15974 787
27.1594 788
27.10906 789
27.10872 790
27.10838 791
27.15804 792
27.1077 793
27.10736 794
27.15702 795
27.15668 796
27.10634 797
27.106 798
27.10566 799
27.10532 800
