67.64545 1
67.69507 2
67.54468 3
67.79429 4
67.8939 5
67.64352 6
67.59313 7
67.79274 8
67.59235 9
67.54197 10
67.54158 11
67.69119 12
67.5908 13
67.59042 14
67.59003 15
67.58964 16
67.58926 17
67.58887 18
67.58848 19
67.63771 21
67.63732 22
67.53694 23
67.63655 24
68.03616 25
67.73578 26
67.58539 27
67.73501 28
67.58423 30
67.63385 31
67.58346 32
67.58308 33
67.48269 34
67.6823 35
67.58192 36
67.53153 37
67.63115 38
67.63076 39
67.53038 40
67.62999 41
67.52961 42
67.57922 43
67.67884 44
67.62845 45
67.57807 46
67.57768 47
67.6273 48
67.72691 49
67.57653 50
67.57614 51
67.62576 52
67.52537 53
67.62499 54
67.77461 55
67.62422 56
67.57384 57
67.77345 58
67.62307 59
67.67268 60
67.9223 61
67.52192 62
67.57153 63
67.57115 64
67.77038 66
67.72 67
67.76961 68
67.71923 69
67.51885 70
67.86846 71
67.86808 72
67.76731 74
67.81693 75
67.81655 76
67.56617 77
67.56578 78
68.0154 79
67.71502 80
67.61463 81
67.61425 82
67.46387 83
67.56349 84
67.7631 85
67.51272 86
67.66234 87
67.61196 88
67.96158 89
67.61043 92
67.76005 93
67.65967 94
67.60928 95
67.4589 96
67.60852 97
67.50814 98
67.50776 99
67.75738 100
67.65699 101
67.60623 103
67.65585 104
67.60547 105
67.70509 106
67.75471 107
68.05433 108
67.55395 109
67.65357 110
67.75318 111
67.6528 112
67.60242 113
67.70204 114
67.80166 115
67.90128 116
67.8009 117
67.75052 118
67.89976 120
67.89938 121
67.849 122
67.99862 123
67.49786 125
67.74748 126
67.9471 127
67.49634 129
67.89596 130
67.59482 133
67.69407 135
67.69331 137
67.79179 141
67.63801 151
67.58763 152
67.63574 157
67.88536 158
67.83272 165
67.83234 166
67.73083 170
67.67368 189
67.72293 191
67.92181 194
67.50871 229
