59.64545 1
59.64507 2
59.49468 3
59.49429 4
59.4939 5
59.59352 6
59.59313 7
59.74274 8
59.49235 9
59.59197 10
59.49158 11
59.49119 12
59.5408 13
59.59042 14
59.64003 15
59.53964 16
59.68926 17
59.63887 18
59.63848 19
59.5881 20
59.58771 21
59.58732 22
59.63694 23
59.78655 24
59.53616 25
59.63578 26
59.73539 27
59.63501 28
59.58462 29
59.68423 30
59.53385 31
59.53346 32
59.58308 33
59.63269 34
59.5823 35
59.48192 36
59.63153 37
59.58115 38
59.53076 39
59.58038 40
59.62999 41
59.57961 42
59.52922 43
59.67884 44
59.52845 45
59.52807 46
59.62768 47
59.5773 48
59.47691 49
59.47653 50
59.67576 52
59.62537 53
59.52499 54
59.57461 55
59.52422 56
59.47384 57
59.62345 58
59.87307 59
59.67268 60
59.6723 61
59.62192 62
59.47153 63
59.57115 64
59.62076 65
59.67038 66
59.52 67
59.56961 68
59.76923 69
59.81885 70
59.71846 71
59.5677 73
59.61731 74
59.61693 75
59.51655 76
59.56617 77
59.66578 78
59.46463 81
59.66425 82
59.51349 84
59.4631 85
59.56272 86
59.61234 87
59.61196 88
59.66158 89
59.66119 90
59.51081 91
59.61043 92
59.55967 94
59.65928 95
59.5589 96
59.45852 97
59.50814 98
59.80776 99
59.50738 100
59.65699 101
59.60623 103
59.65585 104
59.70547 105
59.70509 106
59.80471 107
59.55433 108
59.65395 109
59.60357 110
59.55318 111
59.7028 112
59.55242 113
59.65204 114
59.65014 119
59.64938 121
59.49862 123
59.59786 125
59.59748 126
59.6471 127
59.54672 128
59.89634 129
59.59558 131
59.6952 132
59.54482 133
59.44445 134
59.74407 135
59.59369 136
59.54331 137
59.69141 142
59.54103 143
59.54066 144
59.59028 145
59.48952 147
59.63876 149
59.58801 151
59.53725 153
59.53687 154
59.8365 155
59.63612 156
59.68498 159
59.4831 164
59.58159 168
59.73121 169
59.73083 170
59.48046 171
59.63008 172
59.57895 175
59.4782 177
59.62744 179
59.87556 184
59.67406 188
59.62331 190
59.82293 191
59.82031 198
59.61768 205
59.66731 206
59.71244 219
59.56095 223
59.65983 226
59.80498 239
