28.44545 1
28.34507 2
28.44468 3
28.39429 4
28.3439 5
28.34352 6
28.39313 7
28.34274 8
28.39235 9
28.44197 10
28.39158 11
28.39119 12
28.3908 13
28.39042 14
28.44003 15
28.38964 16
28.48926 17
28.33887 18
28.43848 19
28.3881 20
28.38771 21
28.38732 22
28.53694 23
28.48655 24
28.33616 25
28.38578 26
28.38539 27
28.38501 28
28.33462 29
28.48423 30
28.48385 31
28.38346 32
28.38308 33
28.38269 34
28.3823 35
28.38192 36
28.38153 37
28.38115 38
28.43076 39
28.33038 40
28.37999 41
28.32961 42
28.32922 43
28.32884 44
28.32845 45
28.32807 46
28.42768 47
28.3773 48
28.32691 49
28.37653 50
28.32614 51
28.32576 52
28.32537 53
28.42499 54
28.32461 55
28.37422 56
28.37384 57
28.37345 58
28.42307 59
28.37268 60
28.3723 61
28.32192 62
28.32153 63
28.37115 64
28.42076 65
28.42038 66
28.37 67
28.36961 68
28.31923 69
28.31885 70
28.41846 71
28.36808 72
28.3677 73
28.36731 74
28.41693 75
28.31655 76
28.41617 77
28.41578 78
28.2654 79
28.31502 80
28.36463 81
28.36425 82
28.26387 83
28.36349 84
28.3131 85
28.26272 86
28.31234 87
28.31196 88
28.31158 89
28.36119 90
28.36081 91
28.41043 92
28.31005 93
28.30967 94
28.35928 95
28.2589 96
28.30852 97
28.35814 98
28.30776 99
28.30738 100
28.25699 101
28.35661 102
28.30623 103
28.40585 104
28.30547 105
28.40509 106
28.35471 107
28.35433 108
28.40395 109
28.35357 110
28.30318 111
28.3528 112
28.35242 113
28.30204 114
28.40166 115
28.40128 116
28.3009 117
28.35052 118
28.50014 119
28.24976 120
28.24938 121
28.349 122
28.24862 123
28.34824 124
28.29786 125
28.34748 126
28.3471 127
28.34672 128
28.19634 129
28.39596 130
28.29558 131
28.3452 132
28.29482 133
28.24445 134
28.44407 135
28.39369 136
28.29331 137
28.39293 138
28.24255 139
28.24217 140
28.29179 141
28.29141 142
28.39103 143
28.34066 144
28.29028 145
28.2899 146
28.33952 147
28.38914 148
28.33876 149
28.33839 150
28.23801 151
28.33763 152
28.38725 153
28.28687 154
28.3865 155
28.38612 156
28.28574 157
28.33536 158
28.33498 159
28.28461 160
28.28423 161
28.48385 162
28.28347 163
28.2331 164
28.43272 165
28.28234 166
28.38197 167
28.43159 168
28.23121 169
28.23083 170
28.28046 171
28.23008 172
28.3797 173
28.27933 174
28.32895 175
28.32857 176
28.2282 177
28.22782 178
28.32744 179
28.22707 180
28.57669 181
28.32632 182
28.27594 183
28.37556 184
28.37519 185
28.32481 186
28.27444 187
28.32406 188
28.57368 189
28.42331 190
28.42293 191
28.27256 192
28.32218 193
28.42181 194
28.32143 195
28.27106 196
28.42068 197
28.22031 198
28.26993 199
28.26956 200
28.31918 201
28.31881 202
28.36843 203
28.36806 204
28.26768 205
28.46731 206
28.26693 207
28.16656 208
28.26618 209
28.21581 210
28.51543 211
28.21506 212
28.41468 213
28.36431 214
28.31394 215
28.26356 216
28.21319 217
28.31281 218
28.31244 219
28.26207 220
28.26169 221
28.21132 222
28.36095 223
28.31057 224
28.3102 225
28.35983 226
28.30945 227
28.60908 228
28.25871 229
28.20833 230
28.25796 231
28.30759 232
28.45721 233
28.30684 234
28.40647 235
28.25609 236
28.40572 237
28.40535 238
28.40498 239
28.25423 241
28.40386 242
28.60311 244
28.25274 245
28.25237 246
28.25163 248
28.55125 249
28.25088 250
28.25051 251
28.20014 252
28.24977 253
28.24939 254
28.19902 255
28.34865 256
28.49828 257
28.34791 258
28.19754 259
28.14717 260
28.24679 261
28.34642 262
28.19605 263
28.29568 264
28.39494 266
28.39457 267
28.29383 269
28.19346 270
28.49271 272
28.34234 273
28.59197 274
28.2916 275
28.29123 276
28.39086 277
28.24049 278
28.33975 280
28.53938 281
28.18901 282
28.23864 283
28.33827 284
28.4879 285
28.33753 286
28.28679 288
28.28605 290
28.48532 292
28.18495 293
28.23458 294
28.58347 297
28.2331 298
28.38273 299
28.28236 300
28.28199 301
28.33163 302
28.18126 303
28.27978 307
28.27868 310
28.27794 312
28.57757 313
28.47721 314
28.42684 315
28.32647 316
28.17573 318
28.22537 319
28.375 320
28.27463 321
28.37426 322
28.42279 326
28.22243 327
28.27206 328
28.21986 334
28.46913 336
28.26803 339
28.26729 341
28.31693 342
28.36656 343
28.21619 344
28.16583 345
28.26327 352
28.21181 356
28.31107 358
28.31034 360
28.30998 361
28.40888 364
28.25852 365
28.45815 366
28.35779 367
28.40742 368
28.40633 371
28.30342 379
28.40269 381
28.14833 393
28.44796 394
28.24724 396
28.44506 402
28.3447 403
28.24434 404
28.09289 408
28.44144 412
28.48963 417
28.33927 418
28.28637 426
28.38385 433
28.38204 438
28.32952 445
28.37161 467
