21.75 0
21.75 1
21.75 2
21.75 3
21.75 4
21.75 5
21.75 6
21.75 7
21.75 8
21.75 9
21.75 10
21.75 11
21.75 12
21.75 13
21.75 14
21.75 15
21.75 16
21.75 17
21.75 18
21.75 19
21.75 20
21.75 21
21.7 22
21.7 23
21.7 24
21.7 25
21.7 26
21.7 27
21.7 28
21.7 30
21.7 31
21.7 32
21.7 33
21.7 34
21.7 35
21.7 36
21.7 37
21.7 38
21.7 39
21.7 40
21.7 41
21.7 42
21.7 43
21.7 45
21.7 46
21.7 47
21.7 48
21.7 49
21.7 50
21.7 51
21.7 53
21.7 54
21.7 55
21.7 56
21.7 57
21.65 58
21.65 59
21.65 60
21.65 62
21.65 64
21.65 65
21.65 66
21.65 67
21.65 68
21.65 71
21.65 73
21.65 76
21.65 77
21.65 81
21.65 82
21.65 83
21.65 84
21.65 88
21.65 89
21.65 92
21.6 95
21.6 97
21.6 99
21.6 110
21.6 113
21.55 131
