42.19545 1
42.24507 2
42.19468 3
42.14429 4
42.1939 5
42.19352 6
42.09313 7
42.19274 8
42.14235 9
42.09197 10
42.44158 11
42.24119 12
42.3408 13
42.34042 14
42.19003 15
42.28964 16
42.23926 17
42.48848 19
42.3881 20
42.13771 21
42.13732 22
42.38694 23
42.33655 24
42.13616 25
42.38578 26
42.23539 27
42.33501 28
42.38462 29
42.18423 30
42.48385 31
42.28346 32
42.53308 33
42.33269 34
42.1323 35
42.28192 36
42.13153 37
42.08115 38
42.48038 40
42.07999 41
42.37961 42
42.17922 43
42.17845 45
42.42768 47
42.3273 48
42.32691 49
42.07614 51
42.27576 52
42.22461 55
42.22422 56
42.62384 57
42.52307 59
42.47268 60
42.2723 61
42.22192 62
42.12076 65
42.22 67
42.21961 68
42.21923 69
42.16808 72
42.16731 74
42.46693 75
42.46655 76
42.61578 78
42.21463 81
42.41387 83
42.36349 84
42.46272 86
42.50928 95
42.50814 98
42.50776 99
42.50738 100
42.40242 113
42.35128 116
42.38197 167
