3.99511 852
3.99023 853
3.98536 854
3.9805 855
3.97083 857
3.96601 858
3.9612 859
3.9564 860
3.94684 862
3.93732 864
3.92786 866
3.92314 867
3.91843 868
3.91374 869
3.90905 870
3.89972 872
3.88119 876
3.87658 877
3.87199 878
3.86283 880
3.85827 881
3.85372 882
3.84918 883
3.84464 884
3.84013 885
3.83562 886
3.83112 887
3.82663 888
3.82215 889
3.81769 890
3.81323 891
3.80435 893
3.79992 894
3.79551 895
3.7911 896
3.78232 898
3.77795 899
3.77358 900
26.90532 801
4.24978 802
26.89426 803
26.88875 804
26.83326 805
26.87778 806
4.22232 807
4.21687 808
26.86143 809
26.85601 810
26.8506 811
4.19521 812
4.18982 813
4.18446 814
26.8791 815
26.92376 816
26.86844 817
26.86313 818
4.15783 819
4.15254 820
4.14727 821
4.14201 822
4.13677 823
4.10557 829
4.09528 831
4.09015 832
4.07484 835
4.06977 836
4.04959 840
4.03957 842
4.03458 843
4.02961 844
4.02464 845
4.01969 846
4.01475 847
27.94545 1
27.94507 2
27.94468 3
27.94429 4
27.9439 5
27.94352 6
27.94313 7
27.94274 8
27.94235 9
27.94197 10
27.94158 11
27.94119 12
27.9408 13
27.94042 14
27.94003 15
27.93964 16
27.93926 17
27.93887 18
27.93848 19
27.9381 20
27.93771 21
27.93732 22
27.93694 23
27.98655 24
27.93616 25
27.93578 26
27.93539 27
27.93501 28
27.93462 29
27.93423 30
27.93385 31
27.93346 32
27.88308 33
27.88269 34
27.8823 35
27.88192 36
27.88153 37
27.88115 38
27.88076 39
27.88038 40
27.87999 41
27.87961 42
27.87922 43
27.87884 44
27.87845 45
27.87807 46
27.87768 47
27.8773 48
27.92691 49
27.87653 50
27.87614 51
27.87576 52
27.87537 53
27.87499 54
27.87461 55
27.92422 56
27.87384 57
27.87345 58
27.87307 59
27.87268 60
27.8723 61
27.87192 62
27.87153 63
27.87115 64
27.87076 65
27.87038 66
27.87 67
27.91961 68
27.86923 69
27.86885 70
27.86846 71
27.86808 72
27.8677 73
27.86731 74
27.86693 75
27.86655 76
27.81617 77
27.81578 78
27.8154 79
27.81502 80
27.81463 81
27.81425 82
27.81387 83
27.81349 84
27.8631 85
27.81272 86
27.81234 87
27.81196 88
27.81158 89
27.81119 90
27.81081 91
27.86043 92
27.81005 93
27.80967 94
27.80928 95
27.8089 96
27.80852 97
27.85814 98
27.85776 99
27.80738 100
27.85699 101
27.85661 102
27.80623 103
27.85585 104
27.85547 105
27.80509 106
27.80471 107
27.85433 108
27.80395 109
27.80357 110
27.80318 111
27.8028 112
27.85242 113
27.80204 114
27.85166 115
27.85128 116
27.8009 117
27.85052 118
27.85014 119
27.74976 120
27.79938 121
27.799 122
27.74862 123
27.74824 124
27.79786 125
27.74748 126
27.7471 127
27.74672 128
27.74634 129
27.79596 130
27.74558 131
27.7952 132
27.74482 133
27.79445 134
27.79407 135
27.79369 136
27.74331 137
27.79293 138
27.79255 139
27.79217 140
27.79179 141
27.74141 142
27.79103 143
27.79066 144
27.79028 145
27.7899 146
27.73952 147
27.78914 148
27.73876 149
27.78839 150
27.78801 151
27.78763 152
27.78725 153
27.73687 154
27.7365 155
27.78612 156
27.78574 157
27.78536 158
27.73498 159
27.78461 160
27.73423 161
27.78385 162
27.78347 163
27.7331 164
27.73272 165
27.73234 166
27.68197 167
27.73159 168
27.73121 169
27.68083 170
27.73046 171
27.73008 172
27.7297 173
27.72933 174
27.72895 175
27.67857 176
27.7282 177
27.67782 178
27.67744 179
27.72707 180
27.72669 181
27.72632 182
27.72594 183
27.72556 184
27.72519 185
27.72481 186
27.72444 187
27.72406 188
27.72368 189
27.72331 190
27.72293 191
27.72256 192
27.72218 193
27.72181 194
27.72143 195
27.72106 196
27.72068 197
27.72031 198
27.71993 199
27.71956 200
27.71918 201
27.71881 202
27.71843 203
27.71806 204
27.71768 205
27.71731 206
27.71693 207
27.66656 208
27.66618 209
27.66581 210
27.66543 211
27.61506 212
27.66468 213
27.61431 214
27.66394 215
27.66356 216
27.66319 217
27.66281 218
27.66244 219
27.66207 220
27.66169 221
27.66132 222
27.66095 223
27.66057 224
27.6602 225
27.65983 226
27.65945 227
27.65908 228
27.65871 229
27.65833 230
27.65796 231
27.65759 232
27.65721 233
27.65684 234
27.65647 235
27.65609 236
27.65572 237
27.65535 238
27.65498 239
27.6546 240
27.65423 241
27.65386 242
27.65349 243
27.65311 244
27.65274 245
27.65237 246
27.652 247
27.65163 248
27.65125 249
27.65088 250
27.65051 251
27.65014 252
27.59977 253
27.59939 254
27.59902 255
27.59865 256
27.59828 257
27.59791 258
27.59754 259
27.59717 260
27.59679 261
27.59642 262
27.59605 263
27.59568 264
27.59531 265
27.59494 266
27.59457 267
27.5942 268
27.59383 269
27.59346 270
27.59309 271
27.59271 272
27.59234 273
27.59197 274
27.5916 275
27.59123 276
27.59086 277
27.59049 278
27.59012 279
27.58975 280
27.58938 281
27.58901 282
27.58864 283
27.58827 284
27.5879 285
27.58753 286
27.58716 287
27.58679 288
27.58642 289
27.58605 290
27.58569 291
27.58532 292
27.58495 293
27.58458 294
27.58421 295
27.58384 296
27.58347 297
27.5331 298
27.53273 299
27.53236 300
27.53199 301
27.53163 302
27.58126 303
27.53089 304
27.53052 305
27.53015 306
27.52978 307
27.52941 308
27.52905 309
27.52868 310
27.52831 311
27.52794 312
27.52757 313
27.52721 314
27.52684 315
27.52647 316
27.5261 317
27.52573 318
27.52537 319
27.525 320
27.52463 321
27.52426 322
27.5239 323
27.52353 324
27.52316 325
27.52279 326
27.52243 327
27.52206 328
27.52169 329
27.52133 330
27.52096 331
27.52059 332
27.52023 333
27.51986 334
27.51949 335
27.51913 336
27.51876 337
27.51839 338
27.51803 339
27.51766 340
27.51729 341
27.51693 342
27.46656 343
27.46619 344
27.46583 345
27.46546 346
27.4651 347
27.46473 348
27.46436 349
27.464 350
27.46363 351
27.46327 352
27.4629 353
27.46254 354
27.46217 355
27.46181 356
27.46144 357
27.46107 358
27.46071 359
27.51034 360
27.45998 361
27.45961 362
27.45925 363
27.45888 364
27.45852 365
27.45815 366
27.50779 367
27.45742 368
27.45706 369
27.4567 370
27.45633 371
27.45597 372
27.4556 373
27.45524 374
27.45487 375
27.45451 376
27.45415 377
27.45378 378
27.45342 379
27.45305 380
27.45269 381
27.45233 382
27.45196 383
27.4516 384
27.45123 385
27.45087 386
27.45051 387
27.45014 388
27.39978 389
27.39942 390
27.39905 391
27.39869 392
27.39833 393
27.39796 394
27.3976 395
27.39724 396
27.39687 397
27.39651 398
27.39615 399
27.44579 400
27.39542 401
27.39506 402
27.4447 403
27.39434 404
27.39397 405
27.39361 406
27.39325 407
27.39289 408
27.39252 409
27.39216 410
27.3918 411
27.39144 412
27.39107 413
27.39071 414
27.39035 415
27.38999 416
27.38963 417
27.38927 418
27.3889 419
27.38854 420
27.43818 421
27.38782 422
27.38746 423
27.4371 424
27.38674 425
27.38637 426
27.38601 427
27.38565 428
27.38529 429
27.38493 430
27.38457 431
27.38421 432
27.38385 433
27.38349 434
27.38313 435
27.33277 436
27.3824 437
27.33204 438
27.33168 439
27.33132 440
27.38096 441
27.3306 442
27.33024 443
27.32988 444
27.32952 445
27.32916 446
27.3288 447
27.32844 448
27.32808 449
27.32772 450
27.32736 451
27.327 452
27.32664 453
27.32628 454
27.37592 455
27.32556 456
27.37521 457
27.32485 458
27.37449 459
27.32413 460
27.32377 461
27.32341 462
27.37305 463
27.32269 464
27.32233 465
27.32197 466
27.37161 467
27.32126 468
27.3209 469
27.37054 470
27.37018 471
27.31982 472
27.36946 473
27.3191 474
27.36875 475
27.31839 476
27.31803 477
27.36767 478
27.36731 479
27.31696 480
27.2666 481
27.31624 482
27.26588 483
27.26552 484
27.31517 485
27.31481 486
27.31445 487
27.26409 488
27.26374 489
27.26338 490
27.31302 491
27.31266 492
27.26231 493
27.26195 494
27.31159 495
27.26123 496
27.26088 497
27.31052 498
27.26016 499
27.25981 500
27.25945 501
27.30909 502
27.30874 503
27.30838 504
27.30802 505
27.30767 506
27.25731 507
27.30695 508
27.3066 509
27.30624 510
27.25589 511
27.30553 512
27.30517 513
27.25482 514
27.25446 515
27.2541 516
27.25375 517
27.30339 518
27.30304 519
27.30268 520
27.30233 521
27.25197 522
27.30161 523
27.25126 524
27.2509 525
27.30055 526
27.25019 527
27.24984 528
27.19948 529
27.19913 530
27.24877 531
27.19842 532
27.19806 533
27.24771 534
27.24735 535
27.247 536
27.24664 537
27.24629 538
27.24593 539
27.19558 540
27.24523 541
27.19487 542
27.24452 543
27.24416 544
27.24381 545
27.24345 546
27.1931 547
27.19275 548
27.24239 549
27.24204 550
27.24168 551
27.24133 552
27.24098 553
27.24062 554
27.24027 555
27.23991 556
27.23956 557
27.23921 558
27.23885 559
27.2385 560
27.23815 561
27.23779 562
27.23744 563
27.23709 564
27.23673 565
27.23638 566
27.18603 567
27.23568 568
27.23532 569
27.23497 570
27.18462 571
27.23426 572
27.23391 573
27.18356 574
4.33321 575
27.18285 576
27.1825 577
27.18215 578
27.1818 579
27.18144 580
27.18109 581
27.18074 582
27.18039 583
27.18004 584
27.12968 585
27.17933 586
27.17898 587
27.17863 588
27.12828 589
27.17793 590
27.17757 591
27.17722 592
27.17687 593
27.17652 594
27.17617 595
27.17582 596
27.17547 597
27.17511 598
27.17476 599
27.17441 600
27.17406 601
27.17371 602
27.17336 603
27.17301 604
27.17266 605
27.17231 606
27.17196 607
27.17161 608
27.17125 609
27.1709 610
27.17055 611
27.1702 612
27.16985 613
27.1695 614
27.16915 615
27.1688 616
27.16845 617
27.1681 618
27.16775 619
27.1674 620
27.16705 621
27.1667 622
27.11635 623
27.116 624
27.11565 625
27.1153 626
27.11495 627
27.1146 628
27.11425 629
27.11391 630
27.11356 631
27.11321 632
27.11286 633
27.11251 634
27.11216 635
27.11181 636
27.11146 637
27.11111 638
27.11076 639
27.11041 640
27.11007 641
4.30972 642
4.30937 643
27.10902 644
27.10867 645
27.10832 646
27.10797 647
27.10763 648
27.10728 649
27.10693 650
27.10658 651
27.10623 652
27.10588 653
27.10554 654
27.10519 655
27.10484 656
27.10449 657
27.10415 658
27.1038 659
27.10345 660
27.1031 661
27.10275 662
27.10241 663
27.10206 664
4.30171 665
27.10136 666
27.10102 667
27.10067 668
27.10032 669
27.04998 670
27.04963 671
27.04928 672
27.04893 673
27.04859 674
27.04824 675
27.04789 676
27.04755 677
27.0472 678
27.04685 679
27.04651 680
27.04616 681
27.04581 682
27.04547 683
27.04512 684
4.29478 685
27.04443 686
4.29408 687
27.04374 688
27.04339 689
27.04304 690
27.0427 691
27.04235 692
27.04201 693
27.04166 694
27.04132 695
4.29097 696
27.04062 697
27.04028 698
27.03993 699
27.03959 700
27.03924 701
27.0389 702
27.03855 703
27.03821 704
27.03786 705
27.03752 706
27.03717 707
27.03683 708
27.03648 709
27.03614 710
27.03579 711
27.03545 712
27.0351 713
27.03476 714
27.03441 715
27.03407 716
27.03372 717
27.03338 718
26.98303 719
26.98269 720
26.98235 721
26.982 722
26.98166 723
26.98131 724
26.98097 725
26.98062 726
4.28028 727
26.97994 728
26.97959 729
26.97925 730
26.97891 731
26.97856 732
4.27822 733
26.97787 734
26.97753 735
26.97719 736
26.97684 737
26.9765 738
26.97616 739
26.97581 740
26.97547 741
26.97513 742
26.97478 743
26.97444 744
26.9741 745
26.97376 746
26.97341 747
26.97307 748
26.97273 749
26.97238 750
26.97204 751
26.9717 752
26.97136 753
26.97101 754
4.27067 755
26.97033 756
27.01999 757
26.96964 758
26.9693 759
4.26896 760
26.96862 761
26.96828 762
26.96793 763
26.96759 764
26.96725 765
4.26691 766
26.91657 767
26.91623 768
26.91588 769
26.91554 770
26.9152 771
26.91486 772
26.91452 773
26.91418 774
26.91383 775
26.91349 776
26.91315 777
26.96281 778
26.91247 779
4.26213 780
26.91179 781
26.96145 782
26.91111 783
26.91077 784
4.26042 785
26.91008 786
26.90974 787
26.9594 788
4.25906 789
26.90872 790
26.90838 791
26.95804 792
26.9077 793
26.90736 794
26.90702 795
26.90668 796
26.90634 797
4.256 798
4.25566 799
26.90532 800
