28.64545 1
28.74507 2
28.54468 3
28.64429 4
28.5439 5
28.54352 6
28.64313 7
28.59274 8
28.64235 9
28.59197 10
28.59158 11
28.54119 12
28.5408 13
28.69042 14
28.84003 15
28.58964 16
28.58926 17
28.58887 18
28.58848 19
28.6381 20
28.63771 21
28.63732 22
28.73694 23
28.63655 24
28.73616 25
28.48578 26
28.68539 27
28.58501 28
28.58462 29
29.03423 30
28.68385 31
28.53346 32
28.53308 33
28.58269 34
28.4823 35
28.63192 36
28.48153 37
28.48115 38
28.78076 39
28.73038 40
28.57999 41
28.57922 43
28.42884 44
28.57845 45
28.52807 46
28.62768 47
28.7773 48
28.67691 49
28.57653 50
28.52614 51
28.77576 52
28.77537 53
28.57499 54
28.82461 55
28.57422 56
28.62384 57
28.67345 58
28.87307 59
28.67268 60
28.6723 61
28.77192 62
28.52153 63
28.67115 64
28.67076 65
28.82038 66
28.77 67
28.61961 68
28.71923 69
28.61885 70
28.56808 72
28.8677 73
28.61731 74
28.81693 75
28.61655 76
28.56617 77
28.76578 78
28.7654 79
28.66502 80
28.61463 81
28.51425 82
28.66387 83
28.46349 84
28.6131 85
28.66272 86
28.51234 87
28.51196 88
28.66158 89
28.56119 90
28.51081 91
28.61043 92
28.71005 93
28.70967 94
28.55928 95
28.5589 96
28.70852 97
28.60814 98
28.70776 99
28.70699 101
28.60661 102
28.75585 104
28.80547 105
28.75471 107
28.50395 109
28.65357 110
28.70318 111
28.8528 112
28.60204 114
28.55166 115
28.9509 117
28.75014 119
28.54976 120
28.749 122
28.64862 123
28.59824 124
28.79786 125
28.5971 127
28.54672 128
28.5452 132
28.74482 133
28.84445 134
28.74407 135
28.49369 136
28.84331 137
28.74255 139
28.69217 140
28.59179 141
28.49141 142
28.89066 144
28.74028 145
28.48952 147
28.73876 149
28.58801 151
28.78687 154
28.58461 160
28.68423 161
28.88347 163
28.63272 165
28.58234 166
28.78197 167
28.63159 168
28.53008 172
28.77895 175
28.62632 182
28.67556 184
28.47444 187
28.52143 195
28.81693 207
