77.54545 1
77.54507 2
77.44468 3
77.54429 4
77.5439 5
77.54352 6
77.59313 7
77.64274 8
77.54235 9
77.59197 10
77.54158 11
77.59119 12
77.5408 13
77.49042 14
77.59003 15
77.58964 16
77.58926 17
77.58887 18
77.58848 19
77.5381 20
77.53771 21
77.63732 22
77.68694 23
77.63655 24
77.53616 25
77.48578 26
77.58539 27
77.63501 28
77.88462 29
77.58423 30
77.48385 31
77.53346 32
77.43308 33
77.88269 34
77.6823 35
77.53192 36
77.58153 37
77.58115 38
77.58076 39
77.53038 40
77.52999 41
77.62961 42
77.57922 43
77.47884 44
77.57845 45
77.47807 46
77.57768 47
77.5273 48
77.52691 49
77.72653 50
77.57614 51
77.62576 52
77.47537 53
77.62499 54
77.67461 55
77.47422 56
77.52384 57
77.62345 58
77.57307 59
77.72268 60
77.8223 61
77.62192 62
77.47153 63
77.72115 64
77.52076 65
77.67038 66
77.72 67
77.41961 68
77.81923 69
77.51885 70
77.51846 71
77.51808 72
77.6177 73
77.61731 74
77.96693 75
77.51655 76
77.46617 77
77.46578 78
77.5154 79
77.51502 80
77.61463 81
77.81425 82
77.46387 83
77.61349 84
77.5131 85
77.41272 86
77.51234 87
77.46196 88
77.76158 89
77.66119 90
77.51081 91
77.56043 92
77.51005 93
77.90928 95
77.8089 96
77.75852 97
77.85814 98
77.55776 99
77.60738 100
77.60699 101
77.60661 102
77.60623 103
77.55585 104
78.05509 106
77.60471 107
77.60433 108
77.7028 112
77.80242 113
77.45204 114
77.50166 115
78.00128 116
77.50052 118
77.60014 119
77.49976 120
77.74938 121
77.59862 123
77.84824 124
77.74786 125
77.59748 126
77.6471 127
77.84672 128
77.59634 129
77.69596 130
77.74558 131
77.6452 132
77.69407 135
77.59369 136
77.54331 137
77.59255 139
77.69217 140
77.54179 141
77.54141 142
77.39103 143
77.74066 144
77.84028 145
77.5899 146
77.53952 147
77.58914 148
77.43876 149
77.73801 151
77.48763 152
77.6365 155
77.83612 156
77.63574 157
77.43498 159
77.73461 160
77.68423 161
77.73347 163
77.7331 164
77.68234 166
77.48197 167
77.48159 168
77.43121 169
77.68083 170
77.6297 173
77.47895 175
77.47857 176
77.6282 177
77.57744 179
77.57669 181
77.77632 182
77.57594 183
77.82331 190
77.62181 194
77.52068 197
77.66956 200
77.56881 202
77.66806 204
77.51581 210
77.51244 219
77.76132 222
77.65983 226
77.80908 228
