29.14545 1
29.29507 2
29.19468 3
29.09429 4
29.1439 5
29.14352 6
29.34313 7
29.19235 9
29.19197 10
29.24158 11
29.34119 12
29.2408 13
29.09042 14
29.54003 15
29.18964 16
29.43926 17
29.18887 18
29.13848 19
29.1381 20
29.23771 21
29.38694 23
29.48655 24
29.38616 25
29.13578 26
29.13539 27
29.58462 29
29.13423 30
29.13385 31
29.23346 32
29.08308 33
29.13269 34
29.2823 35
29.18192 36
29.23153 37
29.38076 39
29.18038 40
29.32999 41
29.12922 43
29.27884 44
29.17845 45
29.07807 46
29.22768 47
29.3273 48
29.42653 50
29.22614 51
29.22576 52
29.62499 54
29.22461 55
29.22345 58
29.37268 60
29.1223 61
29.22153 63
29.32076 65
29.27038 66
29.17 67
29.46846 71
29.21808 72
29.2677 73
29.36655 76
29.31502 80
29.21463 81
29.16425 82
29.41349 84
29.1131 85
29.31196 88
29.26158 89
29.21081 91
29.26043 92
29.26005 93
29.40967 94
29.25928 95
29.2589 96
29.30852 97
29.20814 98
29.35585 104
29.45547 105
29.10395 109
29.45357 110
29.35318 111
29.50242 113
29.24938 121
29.0782 177
29.32744 179
