40.69545 1
40.74507 2
40.74468 3
40.59429 4
40.5939 5
40.69352 6
40.69313 7
40.74274 8
40.69235 9
40.84197 10
40.89158 11
40.64119 12
40.5908 13
40.89042 14
40.74003 15
40.98964 16
40.73926 17
40.98887 18
41.03848 19
40.7381 20
40.73771 21
40.63732 22
40.53694 23
40.63655 24
41.13578 26
40.98539 27
40.68501 28
40.78462 29
40.68423 30
40.58385 31
40.98346 32
40.73308 33
40.83269 34
40.6823 35
40.63153 37
40.83115 38
40.68076 39
40.68038 40
40.57999 41
40.72961 42
40.77922 43
40.62884 44
40.72845 45
40.62807 46
40.77768 47
40.8273 48
40.62691 49
40.72653 50
40.72614 51
40.77576 52
40.82537 53
40.92499 54
40.77461 55
40.92422 56
40.72384 57
40.62307 59
40.92268 60
40.9723 61
40.77192 62
40.67115 64
40.72 67
40.81923 69
40.76885 70
40.9177 73
40.71617 77
40.91578 78
40.7654 79
40.61502 80
40.71463 81
40.66349 84
40.9131 85
40.66196 88
40.96158 89
40.81119 90
40.76081 91
40.86043 92
40.71005 93
40.65967 94
40.8589 96
40.75852 97
41.10661 102
41.05623 103
40.75471 107
40.95318 111
40.80204 114
41.00128 116
40.9509 117
40.649 122
40.69862 123
40.6471 127
40.89293 138
40.69066 144
40.6899 146
40.83801 151
40.78687 154
40.7297 173
