71.64545 1
71.79507 2
71.64468 3
71.79429 4
71.8439 5
71.64352 6
71.69313 7
71.59235 9
71.64197 10
71.84158 11
71.84119 12
71.7408 13
71.79042 14
71.69003 15
71.78964 16
71.68926 17
71.83887 18
71.53848 19
71.8381 20
71.78771 21
71.63732 22
71.68694 23
71.88655 24
71.68616 25
71.63578 26
71.78539 27
71.63501 28
71.68462 29
71.78423 30
71.68385 31
71.68346 32
71.83308 33
71.73269 34
71.7823 35
71.93192 36
71.68153 37
71.88115 38
71.73076 39
71.63038 40
71.67999 41
71.67961 42
71.62922 43
71.82845 45
71.72807 46
71.77768 47
71.7273 48
71.77691 49
71.62614 51
71.72576 52
71.62537 53
71.82499 54
72.07461 55
71.77422 56
71.87384 57
71.67345 58
71.67307 59
71.57268 60
71.8223 61
72.07192 62
71.87153 63
71.72115 64
71.97076 65
71.67038 66
71.86961 68
71.96885 70
71.61846 71
71.76693 75
71.66578 78
71.91425 82
71.66387 83
71.66349 84
72.0131 85
71.86196 88
71.71158 89
71.76081 91
71.76043 92
71.55967 94
72.0089 96
71.70852 97
71.90776 99
71.90738 100
71.55699 101
71.95509 106
71.70433 108
71.70357 110
71.7028 112
71.80128 116
71.6509 117
71.84976 120
71.64824 124
71.89445 134
