75.59545 1
75.59507 2
75.64468 3
75.64429 4
75.5939 5
75.59352 6
75.64313 7
75.69274 8
75.59235 9
75.59197 10
75.79158 11
75.59119 12
75.5908 13
75.64042 14
75.74003 15
75.68964 16
75.68926 17
75.68887 18
75.88848 19
75.6881 20
75.63771 21
75.63732 22
75.63694 23
75.88655 24
75.68616 25
75.78578 26
75.73539 27
75.68501 28
75.53462 29
75.68423 30
75.63385 31
75.58346 32
75.63308 33
75.63269 34
75.6323 35
75.93192 36
75.78153 37
75.53115 38
75.78076 39
75.58038 40
75.72999 41
75.57961 42
75.87922 43
75.57884 44
75.57845 45
75.52807 46
75.67768 47
75.5773 48
75.62691 49
75.77653 50
75.57614 51
75.72576 52
75.77537 53
75.72499 54
75.77461 55
75.82422 56
75.52384 57
75.67345 58
75.67307 59
75.67268 60
75.5223 61
75.92192 62
75.62153 63
75.67115 64
75.62038 66
75.61961 68
75.61923 69
75.66885 70
75.86846 71
75.71808 72
75.7177 73
75.81693 75
75.61617 77
75.56578 78
75.7154 79
75.76502 80
75.81463 81
75.71425 82
75.76349 84
76.01272 86
75.76196 88
75.96119 90
75.61081 91
75.46043 92
75.71005 93
75.75967 94
75.60928 95
75.6089 96
75.75852 97
75.80776 99
75.75738 100
75.60699 101
75.70661 102
75.70547 105
75.85509 106
75.75357 110
75.70318 111
75.7028 112
75.70204 114
75.70166 115
75.69976 120
75.54938 121
75.649 122
75.44862 123
75.59824 124
75.64786 125
75.69748 126
75.59558 131
75.69407 135
75.64331 137
75.74293 138
75.94255 139
75.69217 140
75.89141 142
75.5899 146
75.88914 148
75.58725 153
75.83687 154
75.6365 155
75.88423 161
75.83385 162
75.53234 166
75.83046 171
75.57933 174
75.72782 178
75.57744 179
75.57406 188
