3.97566 856
3.84013 885
3.83562 886
3.83112 887
3.82215 889
3.77795 899
3.77358 900
27.10532 801
26.99978 802
27.09426 803
27.08875 804
27.13326 805
27.12778 806
27.07232 807
27.16687 808
27.21143 809
27.15601 810
27.3006 811
27.39521 812
4.14201 822
4.10042 830
28.04545 1
28.04507 2
28.04468 3
28.04429 4
28.0439 5
28.04352 6
28.04313 7
28.04274 8
28.04235 9
28.04197 10
28.04158 11
28.04119 12
28.0408 13
28.04042 14
28.04003 15
28.03964 16
28.03926 17
28.03887 18
28.03848 19
28.0381 20
28.03771 21
28.03732 22
28.03694 23
28.03655 24
28.03616 25
28.03578 26
28.03539 27
28.03501 28
28.03462 29
28.03423 30
28.03385 31
28.03346 32
27.98308 33
27.98269 34
27.9823 35
27.98192 36
27.98153 37
27.98115 38
27.98076 39
27.98038 40
27.97999 41
27.97961 42
27.97922 43
28.02884 44
27.97845 45
27.97807 46
27.97768 47
28.0273 48
27.97691 49
27.97653 50
27.97614 51
27.97576 52
27.97537 53
27.97499 54
27.97461 55
27.97422 56
27.97384 57
27.97345 58
27.97307 59
27.97268 60
27.9723 61
27.97192 62
27.97153 63
27.97115 64
27.97076 65
27.97038 66
27.97 67
27.96961 68
27.96923 69
27.96885 70
27.96846 71
27.96808 72
27.9677 73
27.96731 74
27.96693 75
27.91655 76
27.91617 77
27.96578 78
27.9654 79
27.91502 80
27.96463 81
27.96425 82
27.91387 83
27.91349 84
27.9131 85
27.91272 86
27.91234 87
27.91196 88
27.91158 89
27.96119 90
27.91081 91
27.91043 92
27.91005 93
27.95967 94
27.95928 95
27.9089 96
27.95852 97
27.95814 98
27.90776 99
27.95738 100
27.95699 101
27.90661 102
27.90623 103
27.90585 104
27.90547 105
27.90509 106
27.95471 107
27.90433 108
27.90395 109
27.90357 110
27.90318 111
27.9028 112
27.95242 113
27.90204 114
27.90166 115
27.95128 116
27.9509 117
27.90052 118
27.90014 119
27.89976 120
27.84938 121
27.899 122
27.89862 123
27.89824 124
27.84786 125
27.89748 126
27.8971 127
27.89672 128
27.84634 129
27.84596 130
27.84558 131
27.8952 132
27.89482 133
27.89445 134
27.89407 135
27.84369 136
27.89331 137
27.89293 138
27.89255 139
27.89217 140
27.89179 141
27.89141 142
27.89103 143
27.89066 144
27.84028 145
27.8899 146
27.88952 147
27.88914 148
27.83876 149
27.88839 150
27.88801 151
27.88763 152
27.88725 153
27.88687 154
27.8865 155
27.88612 156
27.88574 157
27.93536 158
27.88498 159
27.88461 160
27.88423 161
27.88385 162
27.83347 163
27.8331 164
27.83272 165
27.83234 166
27.83197 167
27.83159 168
27.83121 169
27.83083 170
27.83046 171
27.83008 172
27.8297 173
27.82933 174
27.82895 175
27.82857 176
27.8282 177
27.82782 178
27.77744 179
27.82707 180
27.82669 181
27.82632 182
27.82594 183
27.82556 184
27.82519 185
27.82481 186
27.82444 187
27.82406 188
27.82368 189
27.82331 190
27.82293 191
27.77256 192
27.82218 193
27.82181 194
27.82143 195
27.82106 196
27.82068 197
27.82031 198
27.76993 199
27.81956 200
27.81918 201
27.81881 202
27.81843 203
27.81806 204
27.81768 205
27.81731 206
27.81693 207
27.76656 208
27.76618 209
27.76581 210
27.76543 211
27.76506 212
27.76468 213
27.76431 214
27.76394 215
27.76356 216
27.76319 217
27.76281 218
27.76244 219
27.76207 220
27.76169 221
27.76132 222
27.76095 223
27.76057 224
27.7602 225
27.75983 226
27.75945 227
27.75908 228
27.75871 229
27.75833 230
27.75796 231
27.75759 232
27.75721 233
27.80684 234
27.75647 235
27.75609 236
27.75572 237
27.75535 238
27.75498 239
27.7546 240
27.75423 241
27.75386 242
27.75349 243
27.75311 244
27.75274 245
27.75237 246
27.752 247
27.80163 248
27.75125 249
27.75088 250
27.75051 251
27.75014 252
27.69977 253
27.69939 254
27.69902 255
27.69865 256
27.69828 257
27.69791 258
27.69754 259
27.69717 260
27.69679 261
27.69642 262
27.69605 263
27.69568 264
27.69531 265
27.69494 266
27.69457 267
27.6942 268
27.69383 269
27.69346 270
27.69309 271
27.69271 272
27.69234 273
27.69197 274
27.6916 275
27.69123 276
27.69086 277
27.69049 278
27.74012 279
27.68975 280
27.68938 281
27.68901 282
27.68864 283
27.68827 284
27.6879 285
27.73753 286
27.68716 287
27.68679 288
27.68642 289
27.68605 290
27.68569 291
27.68532 292
27.68495 293
27.68458 294
27.68421 295
27.68384 296
27.68347 297
27.6331 298
27.63273 299
27.63236 300
27.63199 301
27.63163 302
27.63126 303
27.63089 304
27.68052 305
27.68015 306
27.62978 307
27.62941 308
27.62905 309
27.62868 310
27.67831 311
27.62794 312
27.62757 313
27.62721 314
27.62684 315
27.62647 316
27.6261 317
27.62573 318
27.62537 319
27.625 320
27.67463 321
27.62426 322
27.6239 323
27.62353 324
27.62316 325
27.67279 326
27.62243 327
27.67206 328
27.62169 329
27.62133 330
27.62096 331
27.62059 332
27.62023 333
27.61986 334
27.66949 335
27.66913 336
27.61876 337
27.61839 338
27.66803 339
27.66766 340
27.61729 341
27.61693 342
27.56656 343
27.56619 344
27.56583 345
27.61546 346
27.6151 347
27.56473 348
27.56436 349
27.564 350
27.56363 351
27.61327 352
27.5629 353
27.56254 354
27.56217 355
27.56181 356
27.61144 357
27.61107 358
27.56071 359
27.61034 360
27.55998 361
27.55961 362
27.55925 363
27.55888 364
27.60852 365
27.60815 366
27.55779 367
27.55742 368
27.60706 369
27.5567 370
27.55633 371
27.60597 372
27.5556 373
27.55524 374
27.55487 375
27.55451 376
27.60415 377
27.60378 378
27.55342 379
27.60305 380
27.60269 381
27.55233 382
27.60196 383
27.6016 384
27.60123 385
27.60087 386
27.55051 387
27.55014 388
27.54978 389
27.49942 390
27.54905 391
27.54869 392
27.54833 393
27.49796 394
27.5476 395
27.54724 396
27.54687 397
27.54651 398
27.49615 399
27.54579 400
27.54542 401
27.54506 402
27.5447 403
27.49434 404
27.54397 405
27.49361 406
27.54325 407
27.54289 408
27.54252 409
27.49216 410
27.5418 411
27.49144 412
27.54107 413
27.54071 414
27.54035 415
27.53999 416
27.53963 417
27.53927 418
27.5389 419
27.53854 420
27.53818 421
27.53782 422
27.53746 423
27.5371 424
27.53674 425
27.53637 426
27.48601 427
27.53565 428
27.53529 429
27.53493 430
27.53457 431
27.48421 432
27.53385 433
27.53349 434
27.48313 435
27.43277 436
27.4824 437
27.48204 438
27.48168 439
27.48132 440
27.48096 441
27.4806 442
27.43024 443
27.47988 444
27.47952 445
27.47916 446
27.4788 447
27.47844 448
27.47808 449
27.47772 450
27.47736 451
27.477 452
27.47664 453
27.47628 454
27.47592 455
27.47556 456
27.47521 457
27.47485 458
27.47449 459
27.47413 460
27.47377 461
27.47341 462
27.47305 463
27.47269 464
27.47233 465
27.47197 466
27.42161 467
27.52126 468
27.4709 469
27.47054 470
27.47018 471
27.46982 472
27.46946 473
27.4691 474
27.46875 475
27.46839 476
27.46803 477
27.51767 478
27.46731 479
27.46696 480
27.4166 481
27.41624 482
27.41588 483
27.41552 484
27.41517 485
27.41481 486
27.41445 487
27.41409 488
27.41374 489
27.41338 490
27.41302 491
27.41266 492
27.41231 493
27.41195 494
27.41159 495
27.46123 496
27.41088 497
27.41052 498
27.41016 499
27.40981 500
27.45945 501
27.40909 502
27.40874 503
27.40838 504
27.40802 505
27.40767 506
27.40731 507
27.45695 508
27.4066 509
27.40624 510
27.40589 511
27.45553 512
27.40517 513
27.40482 514
27.40446 515
27.4041 516
27.40375 517
27.40339 518
27.40304 519
27.40268 520
27.40233 521
27.40197 522
27.40161 523
27.40126 524
27.4009 525
27.40055 526
27.35019 527
27.34984 528
27.34948 529
27.34913 530
27.34877 531
27.39842 532
27.34806 533
27.34771 534
27.34735 535
27.347 536
27.34664 537
27.34629 538
27.34593 539
27.39558 540
27.34523 541
27.34487 542
27.34452 543
27.34416 544
27.34381 545
27.39345 546
27.3431 547
27.34275 548
27.39239 549
27.39204 550
27.34168 551
27.34133 552
27.34098 553
27.34062 554
27.34027 555
27.33991 556
27.33956 557
27.33921 558
27.33885 559
27.3385 560
27.33815 561
27.33779 562
27.38744 563
27.38709 564
27.33673 565
27.33638 566
27.33603 567
27.38568 568
27.33532 569
27.38497 570
27.33462 571
27.38426 572
27.38391 573
27.33356 574
27.28321 575
27.28285 576
27.3325 577
27.28215 578
27.2818 579
27.28144 580
27.33109 581
27.28074 582
27.33039 583
27.33004 584
27.27968 585
27.27933 586
27.27898 587
27.27863 588
27.27828 589
27.27793 590
27.32757 591
27.32722 592
27.32687 593
27.32652 594
27.27617 595
27.27582 596
27.27547 597
27.27511 598
27.27476 599
27.32441 600
27.27406 601
27.32371 602
27.32336 603
27.32301 604
27.27266 605
27.32231 606
27.27196 607
27.32161 608
27.32125 609
27.3209 610
27.32055 611
27.2702 612
27.26985 613
27.3195 614
27.26915 615
27.2688 616
27.26845 617
27.3181 618
27.31775 619
27.3174 620
27.31705 621
27.3167 622
27.21635 623
27.266 624
27.26565 625
27.2153 626
27.21495 627
27.2646 628
27.26425 629
27.26391 630
27.26356 631
27.26321 632
27.21286 633
27.21251 634
27.26216 635
27.21181 636
27.26146 637
27.26111 638
27.31076 639
27.26041 640
27.26007 641
27.20972 642
27.25937 643
27.25902 644
27.25867 645
27.25832 646
27.20797 647
27.20763 648
27.25728 649
27.25693 650
27.25658 651
27.25623 652
27.25588 653
27.25554 654
27.20519 655
27.25484 656
27.20449 657
27.25415 658
27.2538 659
27.25345 660
27.2531 661
27.25275 662
27.25241 663
27.25206 664
27.25171 665
27.25136 666
27.25102 667
27.25067 668
27.25032 669
27.19998 670
27.19963 671
27.19928 672
27.19893 673
27.19859 674
27.19824 675
27.19789 676
27.19755 677
27.1972 678
27.14685 679
27.14651 680
27.19616 681
27.19581 682
27.14547 683
27.19512 684
27.19478 685
27.19443 686
27.19408 687
27.19374 688
27.14339 689
27.19304 690
27.1927 691
27.19235 692
27.19201 693
27.19166 694
27.19132 695
27.19097 696
27.19062 697
27.19028 698
27.18993 699
27.18959 700
27.18924 701
27.2389 702
27.18855 703
27.18821 704
27.23786 705
27.23752 706
27.18717 707
27.18683 708
27.18648 709
27.18614 710
27.23579 711
27.18545 712
27.1851 713
27.18476 714
27.18441 715
27.23407 716
27.23372 717
27.18338 718
27.13303 719
27.13269 720
27.13235 721
27.132 722
27.13166 723
27.13131 724
27.13097 725
27.13062 726
27.08028 727
27.12994 728
27.12959 729
27.12925 730
27.12891 731
27.12856 732
27.12822 733
27.12787 734
27.12753 735
27.12719 736
27.12684 737
27.1265 738
27.12616 739
27.07581 740
27.12547 741
27.12513 742
27.12478 743
27.12444 744
27.1241 745
27.12376 746
27.12341 747
27.12307 748
27.12273 749
27.12238 750
27.12204 751
27.1717 752
27.17136 753
27.12101 754
27.12067 755
27.12033 756
27.11999 757
27.11964 758
27.1193 759
27.11896 760
27.16862 761
27.11828 762
27.11793 763
27.11759 764
27.16725 765
27.11691 766
27.06657 767
27.06623 768
27.11588 769
27.06554 770
27.0652 771
27.06486 772
27.11452 773
27.06418 774
27.11383 775
27.06349 776
27.11315 777
27.11281 778
27.11247 779
27.06213 780
27.11179 781
27.11145 782
27.06111 783
27.06077 784
27.06042 785
27.06008 786
27.05974 787
27.0594 788
27.05906 789
27.10872 790
27.05838 791
27.05804 792
27.1077 793
27.10736 794
27.05702 795
27.10668 796
27.10634 797
27.106 798
27.05566 799
27.05532 800
