27.20532 801
27.29978 802
27.34426 803
27.58875 804
27.33326 805
4.02464 845
4 850
28.09545 1
28.14507 2
28.14468 3
28.14429 4
28.0939 5
28.09352 6
28.09313 7
28.14274 8
28.14235 9
28.14197 10
28.09158 11
28.09119 12
28.1408 13
28.14042 14
28.09003 15
28.13964 16
28.13926 17
28.08887 18
28.13848 19
28.0881 20
28.13771 21
28.13732 22
28.13694 23
28.13655 24
28.13616 25
28.13578 26
28.18539 27
28.13501 28
28.13462 29
28.13423 30
28.13385 31
28.13346 32
28.03308 33
28.08269 34
28.0823 35
28.08192 36
28.08153 37
28.08115 38
28.08076 39
28.08038 40
28.07999 41
28.07961 42
28.07922 43
28.12884 44
28.07845 45
28.07807 46
28.07768 47
28.0773 48
28.07691 49
28.07653 50
28.07614 51
28.07576 52
28.07537 53
28.07499 54
28.07461 55
28.07422 56
28.07384 57
28.07345 58
28.07307 59
28.07268 60
28.0723 61
28.07192 62
28.07153 63
28.07115 64
28.07076 65
28.07038 66
28.07 67
28.06961 68
28.06923 69
28.06885 70
28.06846 71
28.11808 72
28.0677 73
28.06731 74
28.06693 75
28.01655 76
28.01617 77
28.01578 78
28.0154 79
28.01502 80
28.01463 81
28.01425 82
28.01387 83
28.01349 84
28.0131 85
28.01272 86
28.01234 87
28.01196 88
28.01158 89
28.06119 90
28.06081 91
28.01043 92
28.01005 93
28.00967 94
28.00928 95
28.0089 96
28.00852 97
28.00814 98
28.00776 99
28.00738 100
28.00699 101
28.05661 102
28.05623 103
28.00585 104
28.00547 105
28.00509 106
28.00471 107
28.00433 108
28.00395 109
28.00357 110
28.00318 111
28.0028 112
28.00242 113
28.00204 114
28.00166 115
28.05128 116
28.0009 117
28.00052 118
28.00014 119
27.94976 120
27.94938 121
27.999 122
27.99862 123
27.94824 124
27.94786 125
27.99748 126
27.9471 127
27.94672 128
27.99634 129
27.94596 130
27.94558 131
27.9452 132
27.94482 133
27.94445 134
27.94407 135
27.99369 136
27.94331 137
27.99293 138
27.94255 139
27.99217 140
27.94179 141
27.94141 142
27.99103 143
27.94066 144
27.94028 145
27.9899 146
27.93952 147
27.98914 148
27.93876 149
27.98839 150
27.98801 151
27.98763 152
27.93725 153
27.93687 154
27.9865 155
27.98612 156
27.98574 157
27.98536 158
27.98498 159
27.93461 160
27.98423 161
27.98385 162
27.93347 163
27.9331 164
27.93272 165
27.93234 166
27.93197 167
27.93159 168
27.93121 169
27.88083 170
27.93046 171
27.88008 172
27.9297 173
27.87933 174
27.92895 175
27.87857 176
27.8782 177
27.87782 178
27.92744 179
27.92707 180
27.92669 181
27.92632 182
27.92594 183
27.92556 184
27.92519 185
27.87481 186
27.92444 187
27.92406 188
27.92368 189
27.92331 190
27.92293 191
27.92256 192
27.92218 193
27.92181 194
27.92143 195
27.92106 196
27.92068 197
27.92031 198
27.91993 199
27.91956 200
27.91918 201
27.91881 202
27.91843 203
27.91806 204
27.91768 205
27.91731 206
27.91693 207
27.86656 208
27.86618 209
27.86581 210
27.81543 211
27.86506 212
27.86468 213
27.86431 214
27.86394 215
27.86356 216
27.86319 217
27.86281 218
27.86244 219
27.86207 220
27.86169 221
27.86132 222
27.86095 223
27.86057 224
27.8602 225
27.85983 226
27.85945 227
27.85908 228
27.90871 229
27.85833 230
27.85796 231
27.85759 232
27.85721 233
27.90684 234
27.85647 235
27.85609 236
27.85572 237
27.85535 238
27.85498 239
27.8546 240
27.85423 241
27.85386 242
27.85349 243
27.85311 244
27.85274 245
27.90237 246
27.852 247
27.85163 248
27.85125 249
27.85088 250
27.90051 251
27.85014 252
27.79977 253
27.79939 254
27.79902 255
27.84865 256
27.79828 257
27.79791 258
27.79754 259
27.79717 260
27.79679 261
27.79642 262
27.84605 263
27.79568 264
27.79531 265
27.84494 266
27.84457 267
27.7942 268
27.84383 269
27.84346 270
27.79309 271
27.79271 272
27.79234 273
27.79197 274
27.7916 275
27.79123 276
27.79086 277
27.79049 278
27.79012 279
27.83975 280
27.78938 281
27.83901 282
27.83864 283
27.83827 284
27.7879 285
27.78753 286
27.78716 287
27.83679 288
27.83642 289
27.78605 290
27.78569 291
27.83532 292
27.83495 293
27.78458 294
27.78421 295
27.83384 296
27.78347 297
27.7831 298
27.73273 299
27.78236 300
27.73199 301
27.78163 302
27.73126 303
27.78089 304
27.73052 305
27.73015 306
27.72978 307
27.77941 308
27.72905 309
27.72868 310
27.77831 311
27.72794 312
27.72757 313
27.77721 314
27.72684 315
27.72647 316
27.7761 317
27.77573 318
27.72537 319
27.725 320
27.77463 321
27.77426 322
27.7739 323
27.77353 324
27.77316 325
27.77279 326
27.77243 327
27.72206 328
27.72169 329
27.77133 330
27.77096 331
27.72059 332
27.77023 333
27.71986 334
27.76949 335
27.76913 336
27.71876 337
27.71839 338
27.76803 339
27.76766 340
27.76729 341
27.76693 342
27.71656 343
27.71619 344
27.66583 345
27.66546 346
27.7151 347
27.76473 348
27.71436 349
27.714 350
27.66363 351
27.71327 352
27.7129 353
27.66254 354
27.66217 355
27.66181 356
27.71144 357
27.66107 358
27.66071 359
27.66034 360
27.65998 361
27.70961 362
27.70925 363
27.70888 364
27.70852 365
27.70815 366
27.70779 367
27.70742 368
27.70706 369
27.7067 370
27.75633 371
27.70597 372
27.7556 373
27.70524 374
27.70487 375
27.65451 376
27.65415 377
27.70378 378
27.75342 379
27.75305 380
27.70269 381
27.70233 382
27.70196 383
27.7016 384
27.75123 385
27.70087 386
27.70051 387
27.70014 388
27.64978 389
27.64942 390
27.64905 391
27.69869 392
27.64833 393
27.64796 394
27.6476 395
27.64724 396
27.69687 397
27.64651 398
27.64615 399
27.64579 400
27.64542 401
27.59506 402
27.6447 403
27.64434 404
27.64397 405
27.64361 406
27.64325 407
27.69289 408
27.64252 409
27.69216 410
27.6418 411
27.64144 412
27.59107 413
27.69071 414
27.64035 415
27.63999 416
27.63963 417
27.63927 418
27.6389 419
27.68854 420
27.63818 421
27.63782 422
27.63746 423
27.6371 424
27.63674 425
27.63637 426
27.63601 427
27.63565 428
27.63529 429
27.63493 430
27.68457 431
27.68421 432
27.68385 433
27.63349 434
27.58313 435
27.58277 436
27.6324 437
27.58204 438
27.63168 439
27.63132 440
27.58096 441
27.6306 442
27.63024 443
27.62988 444
27.57952 445
27.62916 446
27.5788 447
27.62844 448
27.57808 449
27.62772 450
27.62736 451
27.577 452
27.67664 453
27.62628 454
27.62592 455
27.57556 456
27.62521 457
27.62485 458
27.57449 459
27.62413 460
27.57377 461
27.57341 462
27.62305 463
27.57269 464
27.57233 465
27.57197 466
27.57161 467
27.57126 468
27.6209 469
27.62054 470
27.62018 471
27.66982 472
27.56946 473
27.5691 474
27.56875 475
27.56839 476
27.61803 477
27.61767 478
27.56731 479
27.56696 480
27.5666 481
27.56624 482
27.51588 483
27.51552 484
27.51517 485
27.56481 486
27.56445 487
27.51409 488
27.51374 489
27.51338 490
27.51302 491
27.56266 492
27.56231 493
27.56195 494
27.51159 495
27.51123 496
27.56088 497
27.61052 498
27.56016 499
27.55981 500
27.55945 501
27.55909 502
27.50874 503
27.55838 504
27.60802 505
27.55767 506
27.55731 507
27.55695 508
27.5566 509
27.55624 510
27.55589 511
27.55553 512
27.60517 513
27.55482 514
27.55446 515
27.5541 516
27.50375 517
27.55339 518
27.55304 519
27.55268 520
27.55233 521
27.55197 522
27.50161 523
27.55126 524
27.5509 525
27.55055 526
27.55019 527
27.49984 528
27.49948 529
27.49913 530
27.44877 531
27.49842 532
27.44806 533
27.54771 534
27.49735 535
27.547 536
27.49664 537
27.49629 538
27.49593 539
27.49558 540
27.49523 541
27.54487 542
27.54452 543
27.49416 544
27.49381 545
27.49345 546
27.5431 547
27.44275 548
27.49239 549
27.54204 550
27.49168 551
27.54133 552
27.49098 553
27.49062 554
27.54027 555
27.48991 556
27.48956 557
27.48921 558
27.53885 559
27.5385 560
27.48815 561
27.48779 562
27.48744 563
27.48709 564
27.48673 565
27.58638 566
27.48603 567
27.48568 568
27.53532 569
27.48497 570
27.48462 571
27.48426 572
27.53391 573
27.48356 574
27.48321 575
27.43285 576
27.4325 577
27.48215 578
27.4318 579
27.43144 580
27.43109 581
27.43074 582
27.48039 583
27.43004 584
27.42968 585
27.47933 586
27.47898 587
27.42863 588
27.52828 589
27.47793 590
27.47757 591
27.42722 592
27.42687 593
27.47652 594
27.42617 595
27.42582 596
27.47547 597
27.47511 598
27.47476 599
27.42441 600
27.42406 601
27.42371 602
27.47336 603
27.47301 604
27.47266 605
27.47231 606
27.47196 607
27.42161 608
27.42125 609
27.4709 610
27.47055 611
27.4702 612
27.41985 613
27.4195 614
27.46915 615
27.4688 616
27.41845 617
27.5181 618
27.46775 619
27.3674 620
27.41705 621
27.4667 622
27.41635 623
27.416 624
27.46565 625
27.4153 626
27.36495 627
27.3646 628
27.36425 629
27.41391 630
27.36356 631
27.51321 632
27.41286 633
27.41251 634
27.41216 635
27.41181 636
27.46146 637
27.41111 638
27.46076 639
27.46041 640
27.36007 641
27.35972 642
27.40937 643
27.40902 644
27.45867 645
27.40832 646
27.40797 647
27.50763 648
27.40728 649
27.35693 650
27.40658 651
27.35623 652
27.45588 653
27.40554 654
27.35519 655
27.45484 656
27.50449 657
27.45415 658
27.4538 659
27.45345 660
27.3531 661
27.40275 662
27.40241 663
27.40206 664
27.50171 665
27.40136 666
27.45102 667
27.40067 668
27.40032 669
27.34998 670
27.34963 671
27.39928 672
27.39893 673
27.34859 674
27.34824 675
27.29789 676
27.44755 677
27.3472 678
27.34685 679
27.34651 680
27.34616 681
27.34581 682
27.44547 683
27.29512 684
27.39478 685
27.34443 686
27.39408 687
27.39374 688
27.34339 689
27.39304 690
27.4427 691
27.34235 692
27.34201 693
27.34166 694
27.39132 695
27.39097 696
27.29062 697
27.34028 698
27.33993 699
27.33959 700
27.43924 701
27.3389 702
27.33855 703
27.33821 704
27.38786 705
27.38752 706
27.38717 707
27.43683 708
27.33648 709
27.43614 710
27.33579 711
27.33545 712
27.4351 713
27.33476 714
27.33441 715
27.43407 716
27.43372 717
27.38338 718
27.38303 719
27.33269 720
27.33235 721
27.332 722
27.38166 723
27.33131 724
27.28097 725
27.33062 726
27.33028 727
27.32994 728
27.27959 729
27.37925 730
27.32891 731
27.32856 732
27.32822 733
27.37787 734
27.27753 735
27.32719 736
27.37684 737
27.3765 738
27.32616 739
27.27581 740
27.32547 741
27.32513 742
27.27478 743
27.27444 744
27.3241 745
27.32376 746
27.37341 747
27.27307 748
27.32273 749
27.42238 750
27.32204 751
27.3217 752
27.32136 753
27.32101 754
27.27067 755
27.37033 756
27.36999 757
27.36964 758
27.3693 759
27.31896 760
27.36862 761
27.31828 762
27.36793 763
27.31759 764
27.31725 765
27.26691 766
27.26657 767
27.31623 768
27.21588 769
27.36554 770
27.3152 771
27.31486 772
27.36452 773
27.26418 774
27.26383 775
27.36349 776
27.31315 777
27.36281 778
27.31247 779
27.26213 780
27.31179 781
27.21145 782
27.31111 783
27.26077 784
27.31042 785
27.41008 786
27.30974 787
27.2594 788
27.35906 789
27.35872 790
27.30838 791
27.30804 792
27.3077 793
27.20736 794
27.25702 795
27.25668 796
27.25634 797
27.256 798
27.25566 799
27.30532 800
