29.09545 1
29.04507 2
29.14468 3
29.14429 4
29.3439 5
29.29352 6
29.19313 7
29.09274 8
29.44235 9
29.29197 10
29.09158 11
29.29119 12
29.0908 13
29.19042 14
29.24003 15
29.13964 16
29.18926 17
29.58887 18
29.18848 19
29.2381 20
29.23771 21
29.18732 22
29.28694 23
29.08655 24
29.23616 25
29.38578 26
29.08539 27
29.33423 30
29.18385 31
29.18346 32
29.08308 33
29.33269 34
29.1323 35
29.08192 36
29.38153 37
29.18115 38
29.18076 39
29.48038 40
29.27961 42
29.32922 43
29.22884 44
29.12845 45
29.07807 46
29.22768 47
29.07691 49
29.42653 50
29.12614 51
29.22537 53
29.37499 54
29.07461 55
29.27422 56
29.27345 58
29.22307 59
29.42268 60
29.2723 61
29.22192 62
29.42153 63
29.17115 64
29.17076 65
29.12038 66
29.27 67
29.41885 70
29.11846 71
29.21808 72
29.2677 73
29.51655 76
29.26617 77
29.16578 78
29.36502 80
29.26463 81
29.31425 82
29.06387 83
29.3131 85
29.21272 86
29.56196 88
29.16081 91
29.21043 92
29.30928 95
29.30738 100
29.20699 101
29.10623 103
29.15585 104
29.30547 105
29.45509 106
29.25433 108
29.20395 109
29.20357 110
29.20318 111
29.3028 112
29.45052 118
29.0971 127
29.29596 130
29.39445 134
29.24407 135
29.34255 139
29.29103 143
29.37519 185
