57.59545 1
57.64507 2
57.89468 3
57.54429 4
57.8439 5
57.64352 6
57.59313 7
57.74274 8
57.89235 9
57.54197 10
57.79158 11
57.79119 12
57.5408 13
57.79042 14
57.89003 15
57.63964 16
57.73926 17
57.53887 18
57.58848 19
57.9881 20
57.63732 22
57.63694 23
57.78655 24
57.68616 25
57.78578 26
57.78539 27
57.58501 28
57.68462 29
57.88423 30
57.63385 31
57.88346 32
57.63308 33
57.63269 34
57.6323 35
57.63192 36
57.63153 37
57.58115 38
57.98076 39
57.73038 40
57.57999 41
57.72961 42
57.57922 43
57.72884 44
57.67845 45
57.67807 46
57.62768 47
57.7773 48
57.57691 49
57.72653 50
57.97614 51
57.77537 53
57.67499 54
57.67461 55
57.52384 57
57.77345 58
57.62307 59
57.72268 60
57.6723 61
57.77153 63
57.72115 64
57.92076 65
57.72 67
57.86923 69
57.66808 72
58.0177 73
57.76731 74
57.66693 75
57.66655 76
57.66617 77
57.61578 78
57.9154 79
57.56502 80
57.81463 81
57.81387 83
57.66349 84
58.0131 85
57.66196 88
58.01158 89
57.71119 90
57.61081 91
57.81043 92
57.61005 93
57.55814 98
57.70738 100
57.90699 101
57.65585 104
57.85547 105
57.70509 106
57.90433 108
57.60395 109
57.8028 112
57.70242 113
57.90166 115
57.7509 117
57.84976 120
57.54862 123
57.94824 124
57.64672 128
57.64634 129
57.4952 132
57.69331 137
57.74217 140
57.94103 143
57.58876 149
57.63839 150
57.6365 155
57.77519 185
