38.34545 1
38.49507 2
38.14468 3
38.29429 4
38.2939 5
38.14352 6
38.14313 7
38.24274 8
38.39235 9
38.24197 10
38.24158 11
38.54119 12
38.2408 13
38.24042 14
38.64003 15
38.43964 16
38.23926 17
38.23887 18
38.33848 19
38.2881 20
38.23771 21
38.18732 22
38.13694 23
38.28655 24
38.43616 25
38.33578 26
38.33539 27
38.33501 28
38.38462 29
38.63423 30
38.28385 31
38.28346 32
38.28308 33
38.38269 34
38.23153 37
38.23115 38
38.13038 40
38.37999 41
38.42961 42
38.17922 43
38.27884 44
38.42845 45
38.42807 46
38.22768 47
38.3773 48
38.37691 49
38.47614 51
38.12576 52
38.47537 53
38.12499 54
38.62461 55
38.17422 56
38.07384 57
38.32307 59
38.32268 60
38.27192 62
38.27115 64
38.17076 65
38.22038 66
38.16923 69
38.41808 72
38.51578 78
38.31502 80
38.26158 89
38.26043 92
38.50967 94
38.1089 96
38.20814 98
38.30776 99
38.55623 103
38.20547 105
38.25357 110
38.45318 111
38.3028 112
38.30166 115
38.5009 117
38.50052 118
38.34407 135
38.24255 139
