28.34545 1
28.34507 2
28.44468 3
28.39429 4
28.4439 5
28.34352 6
28.44313 7
28.44274 8
28.39235 9
28.39197 10
28.39158 11
28.44119 12
28.3908 13
28.39042 14
28.49003 15
28.43964 16
28.43926 17
28.38887 18
28.38848 19
28.4381 20
28.38771 21
28.38732 22
28.38694 23
28.43655 24
28.43616 25
28.43578 26
28.43539 27
28.43501 28
28.43462 29
28.33423 30
28.38385 31
28.38346 32
28.33308 33
28.38269 34
28.3323 35
28.33192 36
28.38153 37
28.38115 38
28.33076 39
28.33038 40
28.32999 41
28.37961 42
28.32922 43
28.37884 44
28.42845 45
28.32807 46
28.32768 47
28.3773 48
28.32691 49
28.32653 50
28.37614 51
28.37576 52
28.42537 53
28.37499 54
28.37461 55
28.37422 56
28.42384 57
28.42345 58
28.42307 59
28.32268 60
28.3723 61
28.32192 62
28.37153 63
28.42115 64
28.37076 65
28.37038 66
28.37 67
28.41961 68
28.36923 69
28.46885 70
28.31846 71
28.41808 72
28.3177 73
28.36731 74
28.41693 75
28.26655 76
28.36617 77
28.41578 78
28.3654 79
28.31502 80
28.31463 81
28.31425 82
28.36387 83
28.36349 84
28.4131 85
28.36272 86
28.31234 87
28.36196 88
28.31158 89
28.26119 90
28.41081 91
28.26043 92
28.36005 93
28.40967 94
28.35928 95
28.3089 96
28.35852 97
28.30814 98
28.30776 99
28.35738 100
28.35699 101
28.35661 102
28.30623 103
28.25585 104
28.40547 105
28.35509 106
28.45471 107
28.30433 108
28.40395 109
28.35357 110
28.25318 111
28.4528 112
28.25242 113
28.30204 114
28.45166 115
28.40128 116
28.3009 117
28.30052 118
28.35014 119
28.34976 120
28.29938 121
28.299 122
28.34862 123
28.29824 124
28.24786 125
28.34748 126
28.2471 127
28.24672 128
28.29634 129
28.29596 130
28.29558 131
28.2952 132
28.29482 133
28.34445 134
28.34407 135
28.29369 136
28.39331 137
28.34293 138
28.24255 139
28.29217 140
28.44179 141
28.29141 142
28.34103 143
28.29066 144
28.34028 145
28.2399 146
28.33952 147
28.28914 148
28.33876 149
28.43839 150
28.23801 151
28.28763 152
28.33725 153
28.28687 154
28.3865 155
28.28612 156
28.28574 157
28.28536 158
28.43498 159
28.33461 160
28.28423 161
28.48385 162
28.33347 163
28.2831 164
28.28272 165
28.28234 166
28.28197 167
28.33159 168
28.18121 169
28.28083 170
28.18046 171
28.28008 172
28.2297 173
28.37933 174
28.32895 175
28.32857 176
28.1782 177
28.22782 178
28.37744 179
28.32707 180
28.27669 181
28.27632 182
28.27594 183
28.42556 184
28.32519 185
28.32481 186
28.37444 187
28.27406 188
28.27368 189
28.22331 190
28.27293 191
28.32256 192
28.22218 193
28.27181 194
28.22143 195
28.47106 196
28.32068 197
28.22031 198
28.26993 199
28.31956 200
28.41918 201
28.66881 202
28.26843 203
28.41806 204
28.31768 205
28.26731 206
28.26693 207
28.21656 208
28.26618 209
28.26581 210
28.66543 211
28.26506 212
28.26468 213
28.36431 214
28.41394 215
28.26356 216
28.31319 217
28.46281 218
28.31244 219
28.21207 220
28.41169 221
28.26132 222
28.36095 223
28.31057 224
28.2602 225
28.20983 226
28.35945 227
28.20908 228
28.40871 229
28.35833 230
28.25796 231
28.25759 232
28.25721 233
28.35684 234
28.35647 235
28.25609 236
28.30572 237
28.20535 238
28.45498 239
28.2046 240
28.25423 241
28.50386 242
28.45349 243
28.35311 244
28.30274 245
28.602 247
28.45163 248
28.35125 249
28.45088 250
28.45051 251
28.35014 252
28.19977 253
28.19939 254
28.59865 256
28.29828 257
28.39791 258
28.19754 259
28.24679 261
28.24642 262
28.59605 263
28.34568 264
28.34494 266
28.49457 267
28.29383 269
28.34346 270
28.44309 271
28.34234 273
28.29197 274
28.3416 275
28.34123 276
28.34086 277
28.24012 279
28.53938 281
28.28901 282
28.43864 283
28.33827 284
28.4879 285
28.23753 286
28.23716 287
28.38642 289
28.48605 290
28.23569 291
28.33532 292
28.43495 293
28.53458 294
28.53421 295
28.33384 296
28.48347 297
28.2831 298
28.28273 299
28.18236 300
28.33163 302
28.38089 304
28.28052 305
28.18015 306
28.32978 307
28.37941 308
28.52905 309
28.17831 311
28.37757 313
28.22721 314
28.52647 316
28.22573 318
28.275 320
28.62463 321
28.17426 322
28.27353 324
28.32316 325
28.22279 326
28.37206 328
28.32096 331
28.27023 333
28.36913 336
28.21876 337
28.36839 338
28.41729 341
28.31619 344
28.56583 345
28.21144 357
28.16034 360
28.15815 366
28.25779 367
28.30742 368
28.15597 372
28.34942 390
28.29325 407
