4 851
3.9805 855
3.93258 865
3.91843 868
3.91374 869
3.90905 870
3.90438 871
3.89507 873
3.8858 875
3.88119 876
3.87199 878
3.8674 879
3.86283 880
3.85372 882
3.83562 886
3.83112 887
3.82663 888
3.81769 890
3.80878 892
3.80435 893
3.79992 894
3.79551 895
3.7911 896
3.78232 898
26.95532 801
4.24978 802
26.94426 803
26.93875 804
26.88326 805
4.22778 806
26.92232 807
26.96687 808
26.96143 809
26.95601 810
26.9506 811
26.89521 812
26.93982 813
4.18446 814
4.1791 815
27.02376 816
26.96844 817
27.11313 818
4.15783 819
4.10042 830
4.09528 831
4.07993 834
4.03957 842
4.03458 843
4.01969 846
4.0049 849
4 850
27.99545 1
27.99507 2
27.99468 3
27.99429 4
27.9939 5
27.99352 6
27.99313 7
27.99274 8
27.99235 9
27.99197 10
27.99158 11
27.99119 12
27.9908 13
27.99042 14
27.99003 15
27.98964 16
27.98926 17
27.98887 18
27.98848 19
27.9881 20
27.98771 21
27.98732 22
27.98694 23
27.98655 24
27.98616 25
27.98578 26
27.98539 27
27.98501 28
27.98462 29
27.98423 30
27.98385 31
27.98346 32
27.93308 33
27.93269 34
27.9323 35
27.93192 36
27.93153 37
27.93115 38
27.93076 39
27.93038 40
27.92999 41
27.92961 42
27.92922 43
27.92884 44
27.92845 45
27.92807 46
27.92768 47
27.9273 48
27.92691 49
27.92653 50
27.92614 51
27.92576 52
27.92537 53
27.92499 54
27.92461 55
27.92422 56
27.92384 57
27.92345 58
27.92307 59
27.92268 60
27.9223 61
27.92192 62
27.92153 63
27.92115 64
27.92076 65
27.92038 66
27.92 67
27.91961 68
27.91923 69
27.91885 70
27.91846 71
27.91808 72
27.9177 73
27.91731 74
27.91693 75
27.86655 76
27.86617 77
27.86578 78
27.8654 79
27.86502 80
27.86463 81
27.86425 82
27.86387 83
27.86349 84
27.8631 85
27.86272 86
27.86234 87
27.86196 88
27.86158 89
27.86119 90
27.86081 91
27.86043 92
27.86005 93
27.85967 94
27.85928 95
27.8589 96
27.85852 97
27.85814 98
27.85776 99
27.85738 100
27.85699 101
27.85661 102
27.85623 103
27.85585 104
27.85547 105
27.85509 106
27.85471 107
27.85433 108
27.85395 109
27.85357 110
27.85318 111
27.8528 112
27.85242 113
27.85204 114
27.85166 115
27.85128 116
27.8509 117
27.90052 118
27.85014 119
27.79976 120
27.79938 121
27.799 122
27.79862 123
27.79824 124
27.79786 125
27.79748 126
27.7971 127
27.79672 128
27.79634 129
27.79596 130
27.79558 131
27.7952 132
27.79482 133
27.79445 134
27.79407 135
27.79369 136
27.79331 137
27.79293 138
27.79255 139
27.79217 140
27.79179 141
27.79141 142
27.79103 143
27.79066 144
27.79028 145
27.7899 146
27.78952 147
27.78914 148
27.78876 149
27.78839 150
27.78801 151
27.78763 152
27.78725 153
27.78687 154
27.7865 155
27.78612 156
27.78574 157
27.78536 158
27.78498 159
27.78461 160
27.78423 161
27.78385 162
27.78347 163
27.7331 164
27.73272 165
27.73234 166
27.73197 167
27.73159 168
27.73121 169
27.73083 170
27.73046 171
27.73008 172
27.7297 173
27.72933 174
27.77895 175
27.72857 176
27.7282 177
27.72782 178
27.72744 179
27.72707 180
27.72669 181
27.72632 182
27.72594 183
27.77556 184
27.72519 185
27.72481 186
27.72444 187
27.72406 188
27.72368 189
27.77331 190
27.72293 191
27.72256 192
27.72218 193
27.72181 194
27.72143 195
27.77106 196
27.72068 197
27.72031 198
27.71993 199
27.71956 200
27.76918 201
27.71881 202
27.71843 203
27.71806 204
27.71768 205
27.71731 206
27.71693 207
27.66656 208
27.71618 209
27.66581 210
27.66543 211
27.71506 212
27.66468 213
27.66431 214
27.66394 215
27.66356 216
27.66319 217
27.71281 218
27.71244 219
27.71207 220
27.66169 221
27.66132 222
27.66095 223
27.66057 224
27.6602 225
27.70983 226
27.65945 227
27.65908 228
27.65871 229
27.70833 230
27.65796 231
27.70759 232
27.65721 233
27.65684 234
27.65647 235
27.70609 236
27.65572 237
27.70535 238
27.70498 239
27.7046 240
27.70423 241
27.70386 242
27.65349 243
27.70311 244
27.65274 245
27.70237 246
27.702 247
27.65163 248
27.70125 249
27.65088 250
27.70051 251
27.70014 252
27.64977 253
27.64939 254
27.64902 255
27.64865 256
27.64828 257
27.59791 258
27.64754 259
27.64717 260
27.64679 261
27.64642 262
27.64605 263
27.64568 264
27.59531 265
27.64494 266
27.59457 267
27.5942 268
27.64383 269
27.59346 270
27.59309 271
27.64271 272
27.64234 273
27.59197 274
27.6416 275
27.64123 276
27.64086 277
27.64049 278
27.64012 279
27.63975 280
27.63938 281
27.58901 282
27.63864 283
27.63827 284
27.6379 285
27.58753 286
27.63716 287
27.63679 288
27.63642 289
27.58605 290
27.63569 291
27.58532 292
27.63495 293
27.63458 294
27.63421 295
27.58384 296
27.58347 297
27.5831 298
27.58273 299
27.53236 300
27.58199 301
27.58163 302
27.58126 303
27.58089 304
27.53052 305
27.58015 306
27.57978 307
27.52941 308
27.52905 309
27.57868 310
27.57831 311
27.57794 312
27.57757 313
27.52721 314
27.57684 315
27.57647 316
27.5761 317
27.57573 318
27.57537 319
27.575 320
27.57463 321
27.52426 322
27.5739 323
27.57353 324
27.57316 325
27.57279 326
27.57243 327
27.52206 328
27.57169 329
27.57133 330
27.57096 331
27.57059 332
27.57023 333
27.51986 334
27.56949 335
27.56913 336
27.56876 337
27.56839 338
27.56803 339
27.56766 340
27.56729 341
27.56693 342
27.51656 343
27.51619 344
27.51583 345
27.51546 346
27.5151 347
27.51473 348
27.51436 349
27.514 350
27.51363 351
27.51327 352
27.5129 353
27.51254 354
27.51217 355
27.51181 356
27.51144 357
27.51107 358
27.51071 359
27.51034 360
27.50998 361
27.50961 362
27.50925 363
27.50888 364
27.50852 365
27.50815 366
27.50779 367
27.50742 368
27.50706 369
27.5067 370
27.50633 371
27.50597 372
27.5056 373
27.50524 374
27.50487 375
27.50451 376
27.50415 377
27.50378 378
27.50342 379
27.50305 380
27.50269 381
27.50233 382
27.50196 383
27.5016 384
27.50123 385
27.50087 386
27.50051 387
27.50014 388
27.44978 389
27.44942 390
27.44905 391
27.44869 392
27.44833 393
27.44796 394
27.4476 395
27.44724 396
27.44687 397
27.44651 398
27.44615 399
27.44579 400
27.44542 401
27.44506 402
27.4447 403
27.44434 404
27.44397 405
27.44361 406
27.44325 407
27.44289 408
27.44252 409
27.44216 410
27.4418 411
27.44144 412
27.44107 413
27.44071 414
27.44035 415
27.43999 416
27.43963 417
27.43927 418
27.4389 419
27.43854 420
27.43818 421
27.43782 422
27.43746 423
27.4371 424
27.43674 425
27.43637 426
27.43601 427
27.43565 428
27.43529 429
27.43493 430
27.43457 431
27.43421 432
27.43385 433
27.43349 434
27.38313 435
27.38277 436
27.3824 437
27.38204 438
27.38168 439
27.38132 440
27.38096 441
27.3806 442
27.38024 443
27.37988 444
27.37952 445
27.37916 446
27.3788 447
27.37844 448
27.37808 449
27.37772 450
27.37736 451
27.377 452
27.37664 453
27.37628 454
27.37592 455
27.37556 456
27.37521 457
27.37485 458
27.37449 459
27.37413 460
27.37377 461
27.37341 462
27.37305 463
27.37269 464
27.37233 465
27.37197 466
27.37161 467
27.37126 468
27.3709 469
27.37054 470
27.37018 471
27.36982 472
27.36946 473
27.3691 474
27.36875 475
27.36839 476
27.36803 477
27.36767 478
27.36731 479
27.36696 480
27.3166 481
27.31624 482
27.31588 483
27.31552 484
27.31517 485
27.36481 486
27.31445 487
27.31409 488
27.31374 489
27.31338 490
27.31302 491
27.31266 492
27.31231 493
27.31195 494
27.31159 495
27.36123 496
27.31088 497
27.31052 498
27.31016 499
27.30981 500
27.30945 501
27.30909 502
27.35874 503
27.30838 504
27.30802 505
27.30767 506
27.30731 507
27.30695 508
27.3566 509
27.30624 510
27.30589 511
27.30553 512
27.30517 513
27.30482 514
27.30446 515
27.3041 516
27.30375 517
27.30339 518
27.30304 519
27.30268 520
27.30233 521
27.30197 522
27.35161 523
27.30126 524
27.3009 525
27.35055 526
27.30019 527
27.24984 528
27.24948 529
27.24913 530
27.24877 531
27.24842 532
27.24806 533
27.29771 534
27.29735 535
27.297 536
27.24664 537
27.24629 538
27.24593 539
27.29558 540
27.24523 541
27.24487 542
27.24452 543
27.24416 544
27.24381 545
27.24345 546
27.2931 547
27.24275 548
27.24239 549
27.29204 550
27.29168 551
27.24133 552
27.24098 553
27.29062 554
27.24027 555
27.23991 556
27.23956 557
27.23921 558
27.23885 559
27.2385 560
27.28815 561
27.28779 562
27.23744 563
27.23709 564
27.28673 565
27.28638 566
27.23603 567
27.23568 568
27.23532 569
27.23497 570
27.23462 571
27.23426 572
27.23391 573
27.23356 574
27.18321 575
27.23285 576
27.2325 577
27.18215 578
27.1818 579
27.23144 580
27.18109 581
27.18074 582
27.18039 583
27.23004 584
27.22968 585
27.17933 586
27.22898 587
27.17863 588
27.22828 589
27.22793 590
27.22757 591
27.22722 592
27.22687 593
27.17652 594
27.22617 595
27.22582 596
27.22547 597
27.22511 598
27.17476 599
27.22441 600
27.22406 601
27.22371 602
27.17336 603
27.22301 604
27.22266 605
27.22231 606
27.22196 607
27.22161 608
27.22125 609
27.2209 610
27.17055 611
27.1702 612
27.21985 613
27.2195 614
27.21915 615
27.2188 616
27.21845 617
27.2181 618
27.16775 619
27.1674 620
27.21705 621
27.1667 622
27.16635 623
27.166 624
27.11565 625
27.1653 626
27.11495 627
27.1646 628
27.16425 629
27.11391 630
27.16356 631
27.11321 632
27.11286 633
27.16251 634
27.16216 635
27.16181 636
27.16146 637
27.11111 638
27.16076 639
27.16041 640
27.16007 641
27.15972 642
27.15937 643
27.15902 644
27.15867 645
27.15832 646
27.15797 647
27.15763 648
27.15728 649
27.15693 650
27.15658 651
27.15623 652
27.15588 653
27.15554 654
27.15519 655
27.15484 656
27.15449 657
27.10415 658
27.1538 659
27.15345 660
27.1531 661
27.15275 662
27.15241 663
27.15206 664
27.15171 665
27.15136 666
27.15102 667
27.10067 668
27.15032 669
27.09998 670
27.09963 671
27.09928 672
27.09893 673
27.09859 674
27.09824 675
27.09789 676
27.09755 677
27.0972 678
27.09685 679
27.09651 680
27.09616 681
27.09581 682
27.09547 683
27.09512 684
27.09478 685
27.09443 686
27.09408 687
27.09374 688
27.09339 689
27.09304 690
27.0927 691
27.09235 692
27.04201 693
27.09166 694
27.09132 695
27.09097 696
27.09062 697
27.09028 698
27.08993 699
27.08959 700
27.08924 701
27.0889 702
27.08855 703
27.08821 704
27.08786 705
27.08752 706
27.08717 707
27.08683 708
27.08648 709
27.08614 710
27.08579 711
27.08545 712
27.0851 713
27.08476 714
27.08441 715
27.08407 716
27.08372 717
27.08338 718
27.03303 719
27.08269 720
27.03235 721
27.032 722
27.03166 723
27.03131 724
27.03097 725
27.03062 726
26.98028 727
27.02994 728
27.02959 729
27.02925 730
27.02891 731
27.02856 732
27.02822 733
27.02787 734
27.02753 735
27.02719 736
27.07684 737
27.0265 738
27.02616 739
27.02581 740
27.02547 741
27.02513 742
27.02478 743
27.02444 744
26.9741 745
27.02376 746
27.02341 747
27.02307 748
27.02273 749
27.02238 750
27.02204 751
27.0217 752
27.02136 753
27.02101 754
27.02067 755
27.02033 756
27.01999 757
27.01964 758
27.0193 759
27.01896 760
27.06862 761
27.01828 762
27.06793 763
27.01759 764
27.01725 765
27.01691 766
26.96657 767
26.96623 768
26.96588 769
26.96554 770
26.9652 771
26.96486 772
26.96452 773
26.96418 774
26.96383 775
26.96349 776
26.96315 777
26.96281 778
26.96247 779
26.96213 780
26.96179 781
26.96145 782
27.01111 783
26.96077 784
26.96042 785
4.26008 786
26.95974 787
26.9594 788
26.95906 789
26.95872 790
26.95838 791
4.25804 792
4.2577 793
26.95736 794
26.95702 795
26.95668 796
27.00634 797
26.956 798
26.95566 799
4.25532 800
