4 851
3.99511 852
3.99023 853
3.98536 854
3.9805 855
3.97566 856
3.97083 857
3.96601 858
3.9612 859
3.9564 860
3.95161 861
3.94684 862
3.94208 863
3.93732 864
3.93258 865
3.92786 866
3.92314 867
3.91843 868
3.91374 869
3.90905 870
3.90438 871
3.89972 872
3.89507 873
3.89043 874
3.8858 875
3.88119 876
3.87658 877
3.87199 878
3.8674 879
3.86283 880
3.85827 881
3.85372 882
3.84918 883
3.84464 884
3.84013 885
3.83562 886
3.83112 887
3.82663 888
3.82215 889
3.81769 890
3.81323 891
3.80878 892
3.80435 893
3.79992 894
3.79551 895
3.7911 896
3.78671 897
3.78232 898
3.77795 899
3.77358 900
4.25532 801
4.24978 802
4.24426 803
4.23875 804
4.23326 805
4.22778 806
4.22232 807
4.21687 808
4.21143 809
4.20601 810
4.2006 811
4.19521 812
4.18982 813
26.68446 814
4.1791 815
4.17376 816
4.16844 817
4.16313 818
4.15783 819
4.15254 820
26.54727 821
4.14201 822
4.13677 823
4.13153 824
4.12632 825
4.12111 826
4.11592 827
4.11074 828
4.10557 829
4.10042 830
4.09528 831
4.09015 832
4.08504 833
4.07993 834
4.07484 835
4.06977 836
4.0647 837
4.05965 838
4.05461 839
4.04959 840
4.04457 841
4.03957 842
4.03458 843
4.02961 844
4.02464 845
4.01969 846
4.01475 847
4.00982 848
4.0049 849
4 850
27.84545 1
27.84507 2
27.84468 3
27.84429 4
27.8439 5
27.84352 6
27.84313 7
27.84274 8
27.84235 9
27.84197 10
27.84158 11
27.84119 12
27.8408 13
27.84042 14
27.84003 15
27.83964 16
27.83926 17
27.83887 18
27.83848 19
27.8381 20
27.83771 21
27.83732 22
27.83694 23
27.83655 24
27.83616 25
27.83578 26
27.83539 27
27.83501 28
27.83462 29
27.83423 30
27.83385 31
27.88346 32
27.78308 33
27.78269 34
27.7823 35
27.78192 36
27.83153 37
27.78115 38
27.78076 39
27.78038 40
27.77999 41
27.77961 42
27.82922 43
27.77884 44
27.77845 45
27.77807 46
27.77768 47
27.7773 48
27.77691 49
27.82653 50
27.77614 51
27.77576 52
27.77537 53
27.82499 54
27.77461 55
27.77422 56
27.77384 57
27.77345 58
27.77307 59
27.77268 60
27.8223 61
27.82192 62
27.77153 63
27.77115 64
27.77076 65
27.77038 66
27.77 67
27.76961 68
27.76923 69
27.76885 70
27.81846 71
27.76808 72
27.7677 73
27.76731 74
27.76693 75
27.71655 76
27.71617 77
27.76578 78
27.7154 79
27.76502 80
27.71463 81
27.71425 82
27.71387 83
27.71349 84
27.7131 85
27.71272 86
27.71234 87
27.76196 88
27.71158 89
27.71119 90
27.71081 91
27.76043 92
27.76005 93
27.70967 94
27.75928 95
27.7589 96
27.70852 97
27.70814 98
27.75776 99
27.70738 100
27.75699 101
27.70661 102
27.75623 103
27.70585 104
27.75547 105
27.75509 106
27.75471 107
27.75433 108
27.75395 109
27.75357 110
27.75318 111
27.7028 112
27.75242 113
27.70204 114
27.75166 115
27.75128 116
27.7509 117
27.70052 118
27.70014 119
27.69976 120
27.64938 121
27.649 122
27.69862 123
27.64824 124
27.69786 125
27.69748 126
27.6971 127
27.69672 128
27.69634 129
27.64596 130
27.69558 131
27.6952 132
27.69482 133
27.64445 134
27.64407 135
27.69369 136
27.69331 137
27.69293 138
27.69255 139
27.69217 140
27.69179 141
27.69141 142
27.64103 143
27.69066 144
27.69028 145
27.6899 146
27.68952 147
27.68914 148
27.68876 149
27.68839 150
27.68801 151
27.68763 152
27.68725 153
27.63687 154
27.6865 155
27.68612 156
27.68574 157
27.68536 158
27.68498 159
27.68461 160
27.68423 161
27.68385 162
27.68347 163
27.6331 164
27.63272 165
27.63234 166
27.63197 167
27.63159 168
27.63121 169
27.63083 170
27.63046 171
27.63008 172
27.6297 173
27.62933 174
27.62895 175
27.62857 176
27.6282 177
27.62782 178
27.62744 179
27.62707 180
27.62669 181
27.62632 182
27.62594 183
27.62556 184
27.62519 185
27.62481 186
27.62444 187
27.62406 188
27.62368 189
27.62331 190
27.62293 191
27.62256 192
27.62218 193
27.62181 194
27.62143 195
27.62106 196
27.62068 197
27.62031 198
27.61993 199
27.61956 200
27.61918 201
27.61881 202
27.61843 203
27.61806 204
27.61768 205
27.61731 206
27.61693 207
27.56656 208
27.56618 209
27.56581 210
27.56543 211
27.56506 212
27.56468 213
27.56431 214
27.56394 215
27.56356 216
27.56319 217
27.56281 218
27.56244 219
27.56207 220
27.56169 221
27.56132 222
27.56095 223
27.56057 224
27.5602 225
27.55983 226
27.55945 227
27.55908 228
27.55871 229
27.55833 230
27.55796 231
27.55759 232
27.55721 233
27.55684 234
27.55647 235
27.55609 236
27.55572 237
27.55535 238
27.55498 239
27.5546 240
27.55423 241
27.55386 242
27.55349 243
27.55311 244
27.55274 245
27.55237 246
27.552 247
27.55163 248
27.55125 249
27.55088 250
27.55051 251
27.55014 252
27.49977 253
27.49939 254
27.49902 255
27.49865 256
27.49828 257
27.49791 258
27.49754 259
27.49717 260
27.49679 261
27.49642 262
27.49605 263
27.49568 264
27.49531 265
27.49494 266
27.49457 267
27.4942 268
27.49383 269
27.49346 270
27.49309 271
27.49271 272
27.49234 273
27.49197 274
27.4916 275
27.49123 276
27.49086 277
27.49049 278
27.49012 279
27.48975 280
27.48938 281
27.48901 282
27.48864 283
27.48827 284
27.4879 285
27.48753 286
27.48716 287
27.48679 288
27.48642 289
27.48605 290
27.48569 291
27.48532 292
27.48495 293
27.48458 294
27.48421 295
27.48384 296
27.48347 297
27.4331 298
27.43273 299
27.43236 300
27.43199 301
27.43163 302
27.43126 303
27.43089 304
27.43052 305
27.43015 306
27.42978 307
27.42941 308
27.42905 309
27.42868 310
27.42831 311
27.42794 312
27.42757 313
27.42721 314
27.42684 315
27.42647 316
27.4261 317
27.42573 318
27.42537 319
27.425 320
27.42463 321
27.42426 322
27.4239 323
27.42353 324
27.42316 325
27.42279 326
27.42243 327
27.42206 328
27.42169 329
27.42133 330
27.42096 331
27.42059 332
27.42023 333
27.41986 334
27.41949 335
27.41913 336
27.41876 337
27.41839 338
27.41803 339
27.41766 340
27.41729 341
27.41693 342
27.36656 343
27.36619 344
27.36583 345
27.36546 346
27.3651 347
27.36473 348
27.36436 349
27.364 350
27.36363 351
27.36327 352
27.3629 353
27.36254 354
27.36217 355
27.36181 356
27.36144 357
27.36107 358
27.36071 359
27.36034 360
27.35998 361
27.35961 362
27.35925 363
27.35888 364
27.35852 365
27.35815 366
27.35779 367
27.35742 368
27.35706 369
27.3567 370
27.35633 371
27.35597 372
27.3556 373
27.35524 374
27.35487 375
27.35451 376
27.35415 377
27.35378 378
27.35342 379
27.35305 380
27.35269 381
27.35233 382
27.35196 383
27.3516 384
27.35123 385
27.35087 386
27.35051 387
27.35014 388
27.29978 389
27.29942 390
27.29905 391
27.29869 392
27.29833 393
27.29796 394
27.2976 395
27.29724 396
27.29687 397
27.29651 398
27.29615 399
27.29579 400
27.29542 401
27.29506 402
27.2947 403
27.29434 404
27.29397 405
27.29361 406
27.29325 407
27.29289 408
27.29252 409
27.29216 410
27.2918 411
27.29144 412
27.29107 413
27.29071 414
27.29035 415
27.28999 416
27.28963 417
27.28927 418
27.2889 419
27.28854 420
27.28818 421
27.28782 422
27.28746 423
27.2871 424
27.28674 425
27.28637 426
27.28601 427
27.28565 428
27.28529 429
27.28493 430
27.28457 431
27.28421 432
27.28385 433
27.33349 434
27.23313 435
27.23277 436
27.2324 437
27.23204 438
27.23168 439
27.23132 440
27.23096 441
27.2306 442
27.23024 443
27.27988 444
27.22952 445
27.22916 446
27.2288 447
27.22844 448
27.22808 449
27.22772 450
27.22736 451
27.227 452
27.22664 453
27.22628 454
27.22592 455
27.22556 456
27.22521 457
27.22485 458
27.22449 459
27.22413 460
4.37377 461
27.22341 462
27.27305 463
27.22269 464
27.22233 465
27.22197 466
27.22161 467
27.22126 468
27.2209 469
27.22054 470
27.22018 471
27.21982 472
27.21946 473
27.2191 474
27.21875 475
27.21839 476
27.21803 477
27.21767 478
27.21731 479
27.21696 480
27.1666 481
27.16624 482
27.16588 483
27.16552 484
27.16517 485
27.16481 486
27.16445 487
27.16409 488
27.16374 489
27.16338 490
27.16302 491
27.21266 492
27.16231 493
27.16195 494
27.16159 495
27.16123 496
27.16088 497
27.16052 498
27.16016 499
27.15981 500
27.15945 501
27.15909 502
27.15874 503
27.15838 504
27.20802 505
27.15767 506
27.15731 507
27.15695 508
27.1566 509
27.15624 510
27.15589 511
27.15553 512
27.15517 513
27.15482 514
27.15446 515
27.1541 516
27.15375 517
27.20339 518
4.35304 519
27.15268 520
27.20233 521
27.15197 522
27.15161 523
27.15126 524
27.1509 525
27.15055 526
27.20019 527
27.09984 528
27.09948 529
27.09913 530
27.09877 531
27.09842 532
27.14806 533
27.14771 534
27.09735 535
27.097 536
27.14664 537
27.09629 538
27.09593 539
27.14558 540
27.09523 541
27.09487 542
27.09452 543
27.09416 544
27.09381 545
27.09345 546
27.0931 547
27.09275 548
27.09239 549
27.09204 550
27.09168 551
27.09133 552
27.14098 553
27.14062 554
27.14027 555
27.08991 556
27.13956 557
27.13921 558
27.08885 559
27.1385 560
27.08815 561
27.08779 562
27.08744 563
4.33709 564
27.08673 565
27.08638 566
27.13603 567
27.08568 568
27.08532 569
27.08497 570
27.08462 571
27.08426 572
27.08391 573
4.33356 574
27.08321 575
27.03285 576
4.3325 577
4.33215 578
27.0818 579
27.03144 580
27.08109 581
27.03074 582
27.03039 583
27.03004 584
27.07968 585
4.32933 586
4.32898 587
27.07863 588
27.02828 589
27.02793 590
4.32757 591
27.02722 592
27.07687 593
27.07652 594
27.07617 595
27.02582 596
27.07547 597
27.07511 598
4.32476 599
27.07441 600
27.07406 601
4.32371 602
27.07336 603
27.02301 604
27.02266 605
27.07231 606
27.02196 607
27.07161 608
27.07125 609
27.0709 610
27.07055 611
27.0202 612
27.01985 613
27.0695 614
27.06915 615
27.0688 616
27.06845 617
27.0681 618
27.06775 619
4.3174 620
27.06705 621
27.0167 622
27.01635 623
27.016 624
26.96565 625
26.9653 626
27.01495 627
4.3146 628
27.01425 629
27.01391 630
27.01356 631
4.31321 632
4.31286 633
27.01251 634
4.31216 635
27.01181 636
27.01146 637
4.31111 638
27.01076 639
4.31041 640
26.96007 641
4.30972 642
4.30937 643
4.30902 644
4.30867 645
27.00832 646
27.00797 647
4.30763 648
4.30728 649
27.00693 650
27.00658 651
27.00623 652
27.00588 653
4.30554 654
27.00519 655
27.00484 656
27.00449 657
4.30415 658
4.3038 659
4.30345 660
27.0031 661
4.30275 662
26.95241 663
27.00206 664
27.00171 665
26.95136 666
4.30102 667
27.00067 668
27.00032 669
4.29998 670
26.89963 671
4.29928 672
26.94893 673
26.94859 674
26.94824 675
26.94789 676
4.29755 677
26.8972 678
26.94685 679
26.94651 680
26.94616 681
26.94581 682
4.29547 683
4.29512 684
4.29478 685
26.94443 686
26.94408 687
4.29374 688
26.94339 689
4.29304 690
4.2927 691
4.29235 692
4.29201 693
4.29166 694
26.94132 695
4.29097 696
4.29062 697
4.29028 698
4.28993 699
4.28959 700
26.93924 701
4.2889 702
4.28855 703
4.28821 704
4.28786 705
4.28752 706
4.28717 707
4.28683 708
26.93648 709
4.28614 710
4.28579 711
26.93545 712
4.2851 713
26.93476 714
26.93441 715
4.28407 716
4.28372 717
26.93338 718
4.28303 719
26.88269 720
26.88235 721
4.282 722
4.28166 723
4.28131 724
26.88097 725
4.28062 726
4.28028 727
4.27994 728
26.87959 729
26.87925 730
4.27891 731
26.87856 732
26.87822 733
4.27787 734
4.27753 735
26.87719 736
4.27684 737
26.8765 738
4.27616 739
4.27581 740
4.27547 741
4.27513 742
26.87478 743
4.27444 744
4.2741 745
4.27376 746
4.27341 747
4.27307 748
26.87273 749
26.87238 750
4.27204 751
4.2717 752
4.27136 753
4.27101 754
26.87067 755
4.27033 756
4.26999 757
4.26964 758
4.2693 759
4.26896 760
4.26862 761
4.26828 762
4.26793 763
4.26759 764
4.26725 765
4.26691 766
4.26657 767
26.81623 768
4.26588 769
26.81554 770
4.2652 771
4.26486 772
4.26452 773
4.26418 774
4.26383 775
4.26349 776
4.26315 777
4.26281 778
4.26247 779
4.26213 780
26.81179 781
4.26145 782
4.26111 783
4.26077 784
4.26042 785
4.26008 786
26.80974 787
4.2594 788
4.25906 789
4.25872 790
4.25838 791
26.80804 792
4.2577 793
26.80736 794
4.25702 795
4.25668 796
4.25634 797
4.256 798
4.25566 799
4.25532 800
