40.14545 1
40.24507 2
40.14468 3
40.09429 4
40.1439 5
40.09352 6
40.14313 7
40.09274 8
40.19235 9
40.14197 10
40.04158 11
40.19119 12
40.1408 13
40.14042 14
40.09003 15
40.08964 16
40.13926 17
40.18887 18
40.13848 19
40.3381 20
40.23771 21
40.03732 22
40.08694 23
40.18655 24
40.13616 25
40.38578 26
40.18539 27
40.18501 28
40.08462 29
40.18423 30
40.28385 31
40.03346 32
40.03308 33
40.08269 34
40.1823 35
40.23192 36
40.13153 37
40.23115 38
40.13076 39
40.08038 40
40.17999 41
40.07961 42
40.02922 43
40.12884 44
40.12845 45
40.07807 46
40.27768 47
40.1773 48
40.12691 49
40.17653 50
40.37614 51
40.57576 52
40.27537 53
40.22499 54
40.17461 55
40.52422 56
40.17384 57
40.12345 58
40.22307 59
40.07268 60
40.2223 61
40.37192 62
40.02153 63
40.62115 64
40.57038 66
40.02 67
40.11961 68
40.11923 69
40.61885 70
40.21846 71
40.26808 72
40.1177 73
40.06731 74
40.16693 75
40.11655 76
40.06617 77
40.31578 78
39.9654 79
40.01502 80
40.21463 81
40.36425 82
40.11387 83
40.0631 85
40.06272 86
40.06234 87
40.11196 88
40.16119 90
40.06081 91
40.21043 92
40.40967 94
40.20928 95
40.15852 97
40.10814 98
40.20699 101
40.10661 102
40.25471 107
40.25433 108
40.35395 109
40.25357 110
40.40318 111
40.10242 113
40.15204 114
40.1509 117
40.30014 119
40.04976 120
40.29938 121
40.199 122
40.09786 125
40.09748 126
40.14596 130
40.29558 131
40.2952 132
40.19407 135
40.34369 136
40.24293 138
40.19179 141
40.24141 142
40.09066 144
40.24028 145
40.1899 146
40.18914 148
40.03876 149
40.13725 153
40.23574 157
40.13536 158
40.18498 159
40.33347 163
40.1331 164
40.13197 167
40.12933 174
40.37669 181
