53.49545 1
53.49507 2
53.49468 3
53.49429 4
53.5439 5
53.49352 6
53.49313 7
53.54274 8
53.44235 9
53.54197 10
53.44158 11
53.54119 12
53.4908 13
53.49042 14
53.49003 15
53.68964 16
53.48926 17
53.58887 18
53.58848 19
53.4381 20
53.48771 21
53.48732 22
53.48694 23
53.63655 24
53.58616 25
53.48578 26
53.48539 27
53.58501 28
53.53462 29
53.48423 30
53.48385 31
53.78346 32
53.48308 33
53.43269 34
53.5823 35
53.48192 36
53.48153 37
53.53115 38
53.48076 39
53.53038 40
53.57999 41
53.47961 42
53.57922 43
53.47884 44
53.42845 45
53.52807 46
53.52768 47
53.5773 48
53.57691 49
53.52653 50
53.52614 51
53.47576 52
53.47537 53
53.47499 54
53.72461 55
53.62422 56
53.47384 57
53.62345 58
53.42307 59
53.52268 60
53.5723 61
53.47192 62
53.47153 63
53.62115 64
53.57076 65
53.47038 66
53.52 67
53.61961 68
53.71923 69
53.61885 70
53.51846 71
53.51808 72
53.5677 73
53.46731 74
53.46693 75
53.61655 76
53.51617 77
53.56578 78
53.5154 79
53.51502 80
53.61463 81
53.51425 82
53.51387 83
53.56349 84
53.5631 85
53.41272 86
53.61234 87
53.46196 88
53.61158 89
53.56119 90
53.86081 91
53.71043 92
53.71005 93
53.85967 94
53.45928 95
53.6089 96
53.40852 97
53.70814 98
53.55776 99
53.60738 100
53.65661 102
53.40623 103
53.50585 104
53.55547 105
53.50509 106
53.70471 107
53.55433 108
53.55395 109
53.45357 110
53.50318 111
53.5528 112
53.50242 113
53.45204 114
53.60128 116
53.60014 119
53.84976 120
53.79938 121
53.649 122
53.39862 123
53.64824 124
53.49786 125
53.44748 126
53.7471 127
53.49672 128
53.59634 129
53.69596 130
53.74558 131
53.3452 132
53.49482 133
53.49445 134
53.49407 135
53.44369 136
53.44293 138
53.59255 139
53.44217 140
53.49179 141
53.44103 143
53.39066 144
53.59028 145
53.4899 146
53.43952 147
53.58914 148
53.58876 149
53.63839 150
53.58801 151
53.83763 152
53.6865 155
53.68612 156
53.78574 157
53.43536 158
53.63498 159
53.83461 160
53.53423 161
53.48385 162
53.63347 163
53.5331 164
53.58272 165
53.58234 166
53.58197 167
53.38159 168
53.73121 169
53.68046 171
53.43008 172
53.6797 173
53.52933 174
53.37895 175
53.52857 176
53.4282 177
53.67707 180
53.47594 183
53.47519 185
53.57481 186
53.72444 187
53.62293 191
53.47256 192
53.37106 196
53.47031 198
53.66881 202
53.36618 209
53.76543 211
53.71132 222
53.4102 225
53.60796 231
53.55684 234
53.45535 238
53.50498 239
53.50386 242
53.452 247
53.54605 263
53.43901 282
53.5879 285
