29.44545 1
29.44507 2
29.49468 3
29.44429 4
29.5439 5
29.44352 6
29.49313 7
29.49274 8
29.44235 9
29.44197 10
29.54158 11
29.64119 12
29.5408 13
29.49042 14
29.44003 15
29.48964 16
29.43926 17
29.48887 18
29.53848 19
29.4381 20
29.43771 21
29.48732 22
29.53694 23
29.48655 24
29.48616 25
29.48578 26
29.43539 27
29.53501 28
29.43462 29
29.53423 30
29.53385 31
29.58346 32
29.43308 33
29.48269 34
29.4823 35
29.43192 36
29.43153 37
29.53115 38
29.43076 39
29.48038 40
29.42999 41
29.42961 42
29.42922 43
29.47884 44
29.42845 45
29.52807 46
29.47768 47
29.4773 48
29.52691 49
29.52653 50
29.37614 51
29.52576 52
29.42537 53
29.52499 54
29.47461 55
29.52422 56
29.47384 57
29.47345 58
29.42307 59
29.42268 60
29.4223 61
29.57192 62
29.42153 63
29.47115 64
29.62076 65
29.47038 66
29.47 67
29.61961 68
29.41923 69
29.46885 70
29.41846 71
29.56808 72
29.5177 73
29.46731 74
29.46693 75
29.41655 76
29.46617 77
29.46578 78
29.4654 79
29.46502 80
29.46463 81
29.41425 82
29.51387 83
29.56349 84
29.5131 85
29.51272 86
29.61234 87
29.51196 88
29.46158 89
29.61119 90
29.51081 91
29.46043 92
29.76005 93
29.35967 94
29.40928 95
29.5089 96
29.40852 97
29.40814 98
29.80776 99
29.40738 100
29.50699 101
29.45661 102
29.50623 103
29.45585 104
29.50547 105
29.60509 106
29.45471 107
29.45433 108
29.35395 109
29.50357 110
29.45318 111
29.4528 112
29.45242 113
29.85204 114
29.50166 115
29.50128 116
29.5009 117
29.55052 118
29.50014 119
29.54976 120
29.39938 121
29.399 122
29.54862 123
29.34824 124
29.34786 125
29.39748 126
29.3971 127
29.39672 128
29.44634 129
29.44596 130
29.64558 131
29.4952 132
29.79482 133
29.39445 134
29.94407 135
29.44369 136
29.49331 137
29.69293 138
29.39255 139
29.49217 140
29.54179 141
29.69141 142
29.59103 143
29.39066 144
29.44028 145
29.3399 146
29.53952 147
29.48914 148
29.43876 149
29.38839 150
29.53801 151
29.43763 152
29.43725 153
29.58687 154
29.5365 155
29.73612 156
29.48574 157
29.58536 158
29.33498 159
29.88385 162
29.53347 163
29.4331 164
29.63272 165
29.28234 166
29.48197 167
29.73121 169
29.63083 170
29.33046 171
29.48008 172
29.7297 173
29.62933 174
29.47895 175
29.52857 176
29.4782 177
29.62782 178
29.32744 179
29.67707 180
29.47632 182
29.47594 183
29.37519 185
29.47481 186
29.82444 187
29.52406 188
29.52368 189
29.37331 190
29.47293 191
29.52256 192
29.47143 195
29.57106 196
29.51918 201
29.36881 202
29.56806 204
29.41768 205
29.46731 206
29.56656 208
29.36618 209
29.56581 210
29.46543 211
29.66468 213
29.81394 215
29.46356 216
29.51281 218
29.36207 220
29.41169 221
29.71057 224
29.3602 225
29.50908 228
29.50759 232
29.80721 233
29.65647 235
29.50572 237
29.45386 242
29.75311 244
29.65237 246
29.45014 252
29.59902 255
29.54828 257
29.64086 277
29.58642 289
