69.74545 1
69.84468 3
69.79429 4
69.74352 6
69.79274 8
69.69235 9
70.14197 10
69.74158 11
70.2408 13
69.93964 16
69.83887 18
69.7881 20
69.73771 21
69.88732 22
70.03694 23
69.73655 24
69.73616 25
69.93578 26
70.03539 27
69.88501 28
69.68462 29
69.73423 30
69.88385 31
69.88346 32
69.7823 35
69.98192 36
70.03076 39
70.18038 40
70.07999 41
69.97961 42
69.72922 43
69.97845 45
69.77807 46
69.67691 49
69.77653 50
69.62614 51
69.82537 53
69.77461 55
69.82268 60
69.82153 63
69.81923 69
69.81885 70
69.86655 76
69.66578 78
69.81463 81
69.91387 83
69.81349 84
