55.59545 1
55.59507 2
55.64468 3
55.59429 4
55.5439 5
55.64352 6
55.64313 7
55.69274 8
55.54235 9
55.64197 10
55.54158 11
55.59119 12
55.5408 13
55.69042 14
55.59003 15
55.63964 16
55.58926 17
55.78887 18
55.63848 19
55.6381 20
55.58771 21
55.88732 22
55.63694 23
55.53655 24
55.58616 25
55.58578 26
55.53539 27
55.58501 28
55.53462 29
55.53423 30
55.48385 31
55.63346 32
55.58308 33
55.73269 34
55.7823 35
55.58192 36
55.73153 37
55.48115 38
55.48076 39
55.58038 40
55.62999 41
55.57961 42
55.57922 43
55.92884 44
55.47845 45
55.62807 46
55.57768 47
55.5773 48
55.52691 49
55.67653 50
55.52614 51
55.47576 52
55.52537 53
56.07499 54
55.57461 55
55.52422 56
55.62384 57
55.52345 58
55.57307 59
55.62268 60
55.5723 61
55.97192 62
55.62153 63
55.57115 64
55.67076 65
55.62038 66
55.47 67
55.71961 68
55.51923 69
55.71885 70
55.66846 71
55.51808 72
55.7177 73
55.56731 74
55.61693 75
55.51655 76
55.51617 77
55.66578 78
55.5654 79
55.51502 80
55.61463 81
55.71425 82
55.66387 83
55.66349 84
55.5631 85
55.56272 86
55.66234 87
55.46196 88
55.46158 89
55.66119 90
55.76081 91
55.91005 93
55.80967 94
55.55928 95
55.5589 96
55.65852 97
55.55814 98
56.00776 99
55.55738 100
55.65699 101
55.95661 102
55.60623 103
55.55585 104
55.85547 105
55.60509 106
55.65471 107
56.00433 108
55.65395 109
55.85357 110
55.5028 112
55.60242 113
55.70128 116
55.75052 118
55.60014 119
55.69976 120
55.74938 121
55.59862 123
55.54824 124
55.44786 125
55.7471 127
55.84634 129
55.64558 131
55.94445 134
55.74407 135
55.64369 136
55.44293 138
55.89217 140
55.54141 142
55.79103 143
55.5899 146
55.88914 148
55.58876 149
55.48839 150
55.63801 151
55.68574 157
55.78498 159
55.53461 160
55.68234 166
55.63121 169
55.52782 178
55.82669 181
55.86169 221
