30.24545 1
29.64507 2
29.84468 3
29.69429 4
29.7439 5
29.99352 6
29.69313 7
29.59274 8
29.74235 9
29.74197 10
29.69119 12
29.7408 13
29.59003 15
29.58964 16
29.73926 17
29.73887 18
29.78848 19
29.6381 20
29.68771 21
29.83732 22
29.78694 23
29.58616 25
29.63578 26
29.88539 27
29.68501 28
29.68462 29
29.68423 30
29.98385 31
29.88346 32
29.83308 33
29.63269 34
30.0323 35
30.03192 36
29.63153 37
29.93115 38
29.83076 39
29.57999 41
29.62961 42
29.67884 44
29.82845 45
29.77807 46
29.92768 47
29.6773 48
29.72614 51
29.82576 52
29.72537 53
29.87499 54
29.67422 56
29.77384 57
29.82268 60
29.8223 61
29.57115 64
29.67038 66
30.01961 68
29.66885 70
29.71846 71
29.71731 74
29.76617 77
29.96578 78
29.66349 84
29.61272 86
29.61234 87
29.76158 89
29.91081 91
29.81043 92
30.05967 94
29.85928 95
29.6089 96
29.95852 97
29.65661 102
29.75509 106
29.80471 107
29.9028 112
30.05204 114
29.65128 116
29.80014 119
29.99862 123
29.69786 125
29.69558 131
29.84407 135
29.89331 137
29.64103 143
