44.25 0
44.25 1
44.25 2
44.25 3
44.25 4
44.25 5
44.25 6
44.25 7
44.25 8
44.25 9
44.25 10
44.25 11
44.25 12
44.25 13
44.25 14
44.25 15
44.25 16
44.25 17
44.25 18
44.25 19
44.25 20
44.25 21
44.2 22
44.2 23
44.2 24
44.2 25
44.2 26
44.2 27
44.2 28
44.2 29
44.2 30
44.2 31
44.2 32
44.2 33
44.2 34
44.2 35
44.2 36
44.2 37
44.2 38
44.2 39
44.2 40
44.2 41
44.2 42
44.2 43
44.2 44
44.2 45
44.2 46
44.2 47
44.2 48
44.2 49
44.2 50
44.2 51
44.2 52
44.2 53
44.2 54
44.2 55
44.2 56
44.2 57
44.15 58
44.15 61
44.15 62
44.15 63
44.15 64
44.15 65
44.15 67
44.15 68
44.15 70
44.15 71
44.15 72
44.15 73
44.15 74
44.15 77
44.15 78
44.15 81
44.15 82
44.15 84
44.15 87
44.15 90
44.15 93
44.1 97
44.1 112
44.1 116
44 168
