43.34545 1
43.29468 3
43.29429 4
43.2439 5
43.19352 6
43.24313 7
43.39274 8
43.49235 9
43.14197 10
43.29119 12
43.29042 14
43.24003 15
43.33887 18
43.43848 19
43.5381 20
43.33771 21
43.23732 22
43.48655 24
43.18578 26
43.48539 27
43.33462 29
43.28346 32
43.33308 33
43.3823 35
43.28192 36
43.38153 37
43.27961 42
43.22922 43
43.57884 44
43.47845 45
43.22807 46
43.17691 49
43.12653 50
43.37461 55
43.37422 56
43.37384 57
43.47345 58
43.22307 59
43.22268 60
43.32115 64
43.52038 66
43.41923 69
43.36425 82
43.3589 96
43.40318 111
43.25204 114
