50.25 0
50.25 1
50.25 2
50.25 3
50.25 4
50.25 5
50.25 6
50.25 7
50.25 8
50.25 9
50.25 10
50.25 11
50.25 12
50.25 13
50.25 14
50.25 15
50.25 16
50.25 17
50.25 18
50.25 19
50.25 20
50.25 21
50.2 22
50.2 23
50.2 24
50.2 25
50.2 26
50.2 27
50.2 28
50.2 29
50.2 30
50.2 31
50.2 32
50.2 33
50.2 34
50.2 35
50.2 36
50.2 37
50.2 38
50.2 39
50.2 40
50.2 41
50.2 42
50.2 43
50.2 44
50.2 45
50.2 46
50.2 47
50.2 48
50.2 49
50.2 50
50.2 51
50.2 52
50.2 53
50.2 55
50.2 57
50.15 58
50.15 59
50.15 62
50.15 63
50.15 64
50.15 65
50.15 66
50.15 67
50.15 68
50.15 69
50.15 71
50.15 73
50.15 75
50.15 77
50.15 79
50.15 80
50.15 81
50.15 83
50.15 84
50.15 88
50.15 92
50.15 93
50.1 95
50.1 99
50.1 107
50.1 109
50.05 144
50.05 145
