28.64545 1
28.64507 2
28.49468 3
28.49429 4
28.5939 5
28.54352 6
28.44313 7
28.49274 8
28.54235 9
28.49197 10
28.59158 11
28.49119 12
28.4908 13
28.54042 14
28.64003 15
28.53964 16
28.68926 17
28.48887 18
28.48848 19
28.4881 20
28.53771 21
28.53732 22
28.53694 23
28.58655 24
28.63616 25
28.48578 26
28.63539 27
28.58501 28
28.53462 29
28.53423 30
28.58385 31
28.63346 32
28.68308 33
28.78269 34
28.4823 35
28.63192 36
28.43153 37
28.68115 38
28.53076 39
28.53038 40
28.47999 41
28.42961 42
28.52922 43
28.52884 44
28.42845 45
28.47807 46
28.52768 47
28.5773 48
28.47691 49
28.52653 50
28.62614 51
28.52576 52
28.62537 53
28.57499 54
28.47461 55
28.52422 56
28.47384 57
28.57345 58
28.42307 59
28.67268 60
28.4723 61
28.52192 62
28.62153 63
28.47115 64
28.52076 65
28.52038 66
28.57 67
28.51961 68
28.61923 69
28.66885 70
28.61846 71
28.56808 72
28.4677 73
28.51731 74
28.66693 75
28.61655 76
28.66617 77
28.41578 78
28.5654 79
28.41502 80
28.46463 81
28.51425 82
28.41387 83
28.56349 84
28.4631 85
28.56272 86
28.61234 87
28.56196 88
28.61158 89
28.46119 90
28.51081 91
28.51043 92
28.51005 93
28.50967 94
28.55928 95
28.5089 96
28.55852 97
28.90814 98
28.45776 99
28.65738 100
28.50699 101
28.45661 102
28.60623 103
28.55585 104
28.50547 105
28.75509 106
28.90471 107
28.55433 108
28.50395 109
28.65357 110
28.4028 112
28.60242 113
28.60204 114
28.70128 116
28.40052 118
28.60014 119
28.44976 120
28.59938 121
28.549 122
28.54862 123
28.49824 124
28.49786 125
28.49748 126
28.5471 127
28.54672 128
28.69634 129
28.84558 131
28.4452 132
28.49482 133
28.49445 134
28.59407 135
28.49369 136
28.64293 138
28.64255 139
28.49217 140
28.79179 141
28.49141 142
28.54066 144
28.39028 145
28.5399 146
28.73952 147
28.53876 149
28.63839 150
28.48801 151
28.53763 152
28.73725 153
28.58687 154
28.6365 155
28.68574 157
28.68536 158
28.58498 159
28.68461 160
28.73423 161
28.53385 162
28.63347 163
28.6331 164
28.68197 167
28.58083 170
28.53046 171
28.63008 172
28.6297 173
28.67933 174
28.82895 175
28.72857 176
28.3782 177
28.82707 180
28.62632 182
28.42594 183
28.57519 185
28.67368 189
28.62331 190
28.72256 192
28.72181 194
28.46918 201
28.71881 202
28.66843 203
28.46618 209
28.46506 212
28.51468 213
28.71356 216
28.81281 218
28.46207 220
28.65908 228
28.50871 229
28.70833 230
28.60274 245
28.59902 255
28.6831 298
