3.93732 864
27.35532 801
27.59426 803
27.63875 804
28.19545 1
28.14507 2
28.14468 3
28.14429 4
28.1939 5
28.14352 6
28.19313 7
28.14274 8
28.19235 9
28.14197 10
28.14158 11
28.19119 12
28.1908 13
28.19042 14
28.19003 15
28.13964 16
28.13926 17
28.13887 18
28.18848 19
28.1881 20
28.13771 21
28.18732 22
28.13694 23
28.13655 24
28.18616 25
28.13578 26
28.18539 27
28.13501 28
28.18462 29
28.18423 30
28.13385 31
28.13346 32
28.13308 33
28.13269 34
28.0823 35
28.13192 36
28.13153 37
28.08115 38
28.08076 39
28.13038 40
28.07999 41
28.12961 42
28.12922 43
28.07884 44
28.12845 45
28.12807 46
28.12768 47
28.0773 48
28.07691 49
28.12653 50
28.12614 51
28.12576 52
28.12537 53
28.12499 54
28.07461 55
28.12422 56
28.12384 57
28.07345 58
28.12307 59
28.07268 60
28.1223 61
28.07192 62
28.12153 63
28.12115 64
28.12076 65
28.12038 66
28.12 67
28.06961 68
28.11923 69
28.11885 70
28.11846 71
28.11808 72
28.0677 73
28.11731 74
28.11693 75
28.06655 76
28.06617 77
28.01578 78
28.0654 79
28.06502 80
28.06463 81
28.11425 82
28.06387 83
28.01349 84
28.0631 85
28.06272 86
28.06234 87
28.06196 88
28.06158 89
28.06119 90
28.06081 91
28.11043 92
28.06005 93
28.05967 94
28.05928 95
28.0589 96
28.05852 97
28.05814 98
28.05776 99
28.05738 100
28.05699 101
28.05661 102
28.05623 103
28.05585 104
28.05547 105
28.05509 106
28.05471 107
28.10433 108
28.05395 109
28.05357 110
28.05318 111
28.0528 112
28.10242 113
28.05204 114
28.05166 115
28.05128 116
28.0509 117
28.05052 118
28.10014 119
27.99976 120
27.99938 121
27.999 122
27.94862 123
27.99824 124
27.99786 125
27.99748 126
27.9971 127
27.99672 128
28.04634 129
28.04596 130
27.99558 131
28.0452 132
27.99482 133
28.04445 134
28.04407 135
27.99369 136
27.99331 137
27.99293 138
28.04255 139
27.99217 140
28.04179 141
28.04141 142
27.99103 143
28.04066 144
27.99028 145
27.9899 146
27.98952 147
27.98914 148
28.03876 149
27.98839 150
27.98801 151
27.98763 152
27.98725 153
27.98687 154
27.9865 155
28.03612 156
28.03574 157
27.98536 158
27.98498 159
28.03461 160
27.98423 161
27.98385 162
28.03347 163
27.9331 164
27.93272 165
27.93234 166
27.98197 167
27.98159 168
27.93121 169
27.98083 170
27.93046 171
27.93008 172
27.9797 173
27.92933 174
27.92895 175
27.97857 176
27.9782 177
27.97782 178
27.92744 179
27.92707 180
27.97669 181
27.92632 182
27.97594 183
27.97556 184
27.97519 185
27.97481 186
27.97444 187
27.92406 188
27.97368 189
27.92331 190
27.97293 191
27.97256 192
27.97218 193
27.97181 194
27.97143 195
27.92106 196
28.02068 197
27.92031 198
27.96993 199
27.91956 200
27.96918 201
27.96881 202
27.91843 203
27.96806 204
27.96768 205
27.96731 206
27.96693 207
27.91656 208
27.91618 209
27.91581 210
27.86543 211
27.91506 212
27.86468 213
27.86431 214
27.91394 215
27.91356 216
27.86319 217
27.91281 218
27.91244 219
27.91207 220
27.91169 221
27.86132 222
27.91095 223
27.91057 224
27.9102 225
27.90983 226
27.90945 227
27.90908 228
27.85871 229
27.90833 230
27.85796 231
27.85759 232
27.90721 233
27.90684 234
27.90647 235
27.85609 236
27.90572 237
27.90535 238
27.90498 239
27.9046 240
27.90423 241
27.90386 242
27.85349 243
27.90311 244
27.90274 245
27.90237 246
27.902 247
27.90163 248
27.90125 249
27.90088 250
27.85051 251
27.90014 252
27.89977 253
27.84939 254
27.84902 255
27.84865 256
27.84828 257
27.84791 258
27.84754 259
27.89717 260
27.84679 261
27.89642 262
27.84605 263
27.84568 264
27.79531 265
27.84494 266
27.84457 267
27.8942 268
27.84383 269
27.84346 270
27.84309 271
27.84271 272
27.84234 273
27.84197 274
27.8916 275
27.84123 276
27.84086 277
27.84049 278
27.84012 279
27.88975 280
27.88938 281
27.83901 282
27.78864 283
27.88827 284
27.8379 285
27.88753 286
27.83716 287
27.88679 288
27.83642 289
27.88605 290
27.88569 291
27.88532 292
27.83495 293
27.83458 294
27.83421 295
27.83384 296
27.88347 297
27.7831 298
27.83273 299
27.78236 300
27.83199 301
27.83163 302
27.78126 303
27.78089 304
27.78052 305
27.83015 306
27.82978 307
27.77941 308
27.77905 309
27.77868 310
27.77831 311
27.82794 312
27.82757 313
27.82721 314
27.82684 315
27.77647 316
27.8261 317
27.77573 318
27.82537 319
27.825 320
27.82463 321
27.82426 322
27.8239 323
27.82353 324
27.82316 325
27.77279 326
27.82243 327
27.82206 328
27.82169 329
27.82133 330
27.72096 331
27.77059 332
27.77023 333
27.76986 334
27.76949 335
27.81913 336
27.81876 337
27.81839 338
27.81803 339
27.81766 340
27.86729 341
27.76693 342
27.76656 343
27.71619 344
27.76583 345
27.86546 346
27.7151 347
27.76473 348
27.76436 349
27.764 350
27.76363 351
27.76327 352
27.7629 353
27.81254 354
27.76217 355
27.76181 356
27.76144 357
27.76107 358
27.76071 359
27.71034 360
27.75998 361
27.75961 362
27.75925 363
27.75888 364
27.75852 365
27.70815 366
27.75779 367
27.80742 368
27.80706 369
27.7567 370
27.80633 371
27.75597 372
27.7556 373
27.70524 374
27.75487 375
27.75451 376
27.70415 377
27.75378 378
27.70342 379
27.70305 380
27.75269 381
27.85233 382
27.75196 383
27.7516 384
27.75123 385
27.75087 386
27.75051 387
27.75014 388
27.64978 389
27.69942 390
27.69905 391
27.69869 392
27.74833 393
27.69796 394
27.6976 395
27.69724 396
27.69687 397
27.69651 398
27.69615 399
27.69579 400
27.69542 401
27.74506 402
27.7447 403
27.74434 404
27.69397 405
27.74361 406
27.64325 407
27.69289 408
27.69252 409
27.69216 410
27.6918 411
27.74144 412
27.69107 413
27.74071 414
27.74035 415
27.68999 416
27.73963 417
27.68927 418
27.7389 419
27.68854 420
27.68818 421
27.68782 422
27.68746 423
27.6871 424
27.73674 425
27.73637 426
27.73601 427
27.68565 428
27.73529 429
27.78493 430
27.68457 431
27.73421 432
27.68385 433
27.78349 434
27.68313 435
27.68277 436
27.6324 437
27.68204 438
27.63168 439
27.73132 440
27.68096 441
27.6306 442
27.68024 443
27.62988 444
27.62952 445
27.62916 446
27.6788 447
27.72844 448
27.62808 449
27.67772 450
27.62736 451
27.627 452
27.62664 453
27.72628 454
27.62592 455
27.67556 456
27.67521 457
27.67485 458
27.62449 459
27.62413 460
27.67377 461
27.67341 462
27.67305 463
27.67269 464
27.67233 465
27.67197 466
27.67161 467
27.67126 468
27.6209 469
27.67054 470
27.67018 471
27.66982 472
27.66946 473
27.6691 474
27.66875 475
27.66839 476
27.71803 477
27.66767 478
27.66731 479
27.61696 480
27.6666 481
27.66624 482
27.61588 483
27.61552 484
27.61517 485
27.61481 486
27.56445 487
27.61409 488
27.56374 489
27.61338 490
27.66302 491
27.61266 492
27.61231 493
27.61195 494
27.66159 495
27.66123 496
27.61088 497
27.61052 498
27.66016 499
27.60981 500
27.60945 501
27.65909 502
27.65874 503
27.60838 504
27.60802 505
27.65767 506
27.65731 507
27.65695 508
27.6066 509
27.70624 510
27.60589 511
27.60553 512
27.70517 513
27.60482 514
27.60446 515
27.6041 516
27.65375 517
27.65339 518
27.60304 519
27.55268 520
27.65233 521
27.65197 522
27.60161 523
27.60126 524
27.6009 525
27.65055 526
27.65019 527
27.59984 528
27.59948 529
27.59913 530
27.54877 531
27.54842 532
27.54806 533
27.54771 534
27.59735 535
27.547 536
27.54664 537
27.54629 538
27.59593 539
27.59558 540
27.59523 541
27.59487 542
27.59452 543
27.59416 544
27.59381 545
27.59345 546
27.6431 547
27.64275 548
27.54239 549
27.54204 550
27.59168 551
27.59133 552
27.64098 553
27.59062 554
27.59027 555
27.58991 556
27.63956 557
27.53921 558
27.58885 559
27.5885 560
27.53815 561
27.58779 562
27.58744 563
27.53709 564
27.58673 565
27.58638 566
27.53603 567
27.63568 568
27.58532 569
27.53497 570
27.63462 571
27.53426 572
27.53391 573
27.53356 574
27.53321 575
27.53285 576
27.4825 577
27.53215 578
27.5318 579
27.58144 580
27.48109 581
27.58074 582
27.48039 583
27.53004 584
27.57968 585
27.47933 586
27.52898 587
27.52863 588
27.57828 589
27.57793 590
27.62757 591
27.62722 592
27.62687 593
27.57652 594
27.52617 595
27.57582 596
27.57547 597
27.62511 598
27.57476 599
27.52441 600
27.47406 601
27.57371 602
27.52336 603
27.57301 604
27.52266 605
27.47231 606
27.67196 607
27.52161 608
27.52125 609
27.5709 610
27.57055 611
27.5202 612
27.51985 613
27.4695 614
27.51915 615
27.5688 616
27.51845 617
27.5181 618
27.46775 619
27.5674 620
27.61705 621
27.5667 622
27.51635 623
27.416 624
27.46565 625
27.5653 626
27.41495 627
27.5646 628
27.51425 629
27.61391 630
27.56356 631
27.56321 632
27.46286 633
27.56251 634
27.51216 635
27.51181 636
27.51146 637
27.51111 638
27.46076 639
27.51041 640
27.46007 641
27.50972 642
27.45937 643
27.55902 644
27.50867 645
27.55832 646
27.45797 647
27.55763 648
27.45728 649
27.45693 650
27.50658 651
27.45623 652
27.60588 653
27.55554 654
27.50519 655
27.55484 656
27.50449 657
27.45415 658
27.4538 659
27.50345 660
27.5031 661
27.55275 662
27.40241 663
27.45206 664
27.45171 665
27.60136 666
27.50102 667
27.65067 668
27.55032 669
27.44998 670
27.44963 671
27.44928 672
27.44893 673
27.44859 674
27.44824 675
27.49789 676
27.39755 677
27.4972 678
27.39685 679
27.39651 680
27.39616 681
27.44581 682
27.44547 683
27.39512 684
27.54478 685
27.44443 686
27.44408 687
27.54374 688
27.49339 689
27.49304 690
27.4427 691
27.39235 692
27.44201 693
27.49166 694
27.59132 695
27.49097 696
27.49062 697
27.39028 698
27.53993 699
27.48959 700
27.38924 701
27.4389 702
27.48855 703
27.58821 704
27.48786 705
27.58752 706
27.43717 707
27.38683 708
27.48648 709
27.48614 710
27.43579 711
27.43545 712
27.4851 713
27.48476 714
27.58441 715
27.58407 716
27.53372 717
27.53338 718
27.38303 719
27.38269 720
27.43235 721
27.432 722
27.38166 723
27.38131 724
27.58097 725
27.48062 726
27.38028 727
27.47994 728
27.47959 729
27.47925 730
27.37891 731
27.47856 732
27.47822 733
27.57787 734
27.42753 735
27.42719 736
27.37684 737
27.4765 738
27.47616 739
27.42581 740
27.57547 741
27.52513 742
27.42478 743
27.47444 744
27.5241 745
27.42376 746
27.62341 747
27.42307 748
27.57273 749
27.47238 750
27.52204 751
27.3717 752
27.42136 753
27.42101 754
27.37067 755
27.72033 756
27.56999 757
27.41964 758
27.4193 759
27.51896 760
27.51862 761
27.41828 762
27.51793 763
27.36759 764
27.41725 765
27.51691 766
27.31657 767
27.36623 768
27.36588 769
27.41554 770
27.4152 771
27.36486 772
27.36452 773
27.36418 774
27.36383 775
27.56349 776
27.46315 777
27.46281 778
27.61247 779
27.36213 780
27.56179 781
27.41145 782
27.46111 783
27.51077 784
27.46042 785
27.40974 787
27.5594 788
27.35906 789
27.35872 790
27.45838 791
27.40804 792
27.6577 793
27.35736 794
27.45702 795
27.40668 796
27.30634 797
27.456 798
27.30566 799
27.50532 800
