4 851
3.99511 852
3.99023 853
3.98536 854
3.9805 855
3.97566 856
3.97083 857
3.96601 858
3.9612 859
3.9564 860
3.95161 861
3.94684 862
3.94208 863
3.93732 864
3.93258 865
3.92786 866
3.92314 867
3.91843 868
3.91374 869
3.90905 870
3.90438 871
3.89972 872
3.89507 873
3.89043 874
3.8858 875
3.88119 876
3.87658 877
3.87199 878
3.8674 879
3.86283 880
3.85827 881
3.85372 882
3.84918 883
3.84464 884
3.84013 885
3.83562 886
3.83112 887
3.82663 888
3.82215 889
3.81769 890
3.81323 891
3.80878 892
3.80435 893
3.79992 894
3.79551 895
3.7911 896
3.78671 897
3.78232 898
3.77795 899
3.77358 900
4.25532 801
26.79978 802
26.79426 803
4.23875 804
4.23326 805
4.22778 806
26.77232 807
4.21687 808
4.21143 809
26.70601 810
4.2006 811
26.69521 812
4.18982 813
4.18446 814
4.1791 815
4.17376 816
26.61844 817
4.16313 818
4.15783 819
4.15254 820
4.14727 821
4.14201 822
4.13677 823
4.13153 824
4.12632 825
4.12111 826
4.11592 827
4.11074 828
4.10557 829
4.10042 830
4.09528 831
4.09015 832
4.08504 833
4.07993 834
4.07484 835
4.06977 836
4.05965 838
4.05461 839
4.04959 840
4.04457 841
4.03957 842
4.03458 843
4.02961 844
4.02464 845
4.01969 846
4.01475 847
4.00982 848
4.0049 849
4 850
27.89545 1
27.84507 2
27.84468 3
27.84429 4
27.8939 5
27.89352 6
27.89313 7
27.89274 8
27.84235 9
27.89197 10
27.89158 11
27.89119 12
27.8908 13
27.84042 14
27.89003 15
27.88964 16
27.83926 17
27.88887 18
27.88848 19
27.8381 20
27.83771 21
27.88732 22
27.83694 23
27.88655 24
27.88616 25
27.88578 26
27.88539 27
27.83501 28
27.88462 29
27.88423 30
27.88385 31
27.88346 32
27.83308 33
27.83269 34
27.8323 35
27.83192 36
27.83153 37
27.83115 38
27.83076 39
27.83038 40
27.82999 41
27.82961 42
27.82922 43
27.82884 44
27.82845 45
27.82807 46
27.82768 47
27.8273 48
27.82691 49
27.82653 50
27.82614 51
27.82576 52
27.82537 53
27.82499 54
27.82461 55
27.82422 56
27.82384 57
27.82345 58
27.82307 59
27.82268 60
27.8223 61
27.82192 62
27.82153 63
27.82115 64
27.82076 65
27.82038 66
27.82 67
27.81961 68
27.81923 69
27.81885 70
27.81846 71
27.81808 72
27.8177 73
27.81731 74
27.81693 75
27.76655 76
27.76617 77
27.76578 78
27.7654 79
27.76502 80
27.76463 81
27.76425 82
27.76387 83
27.76349 84
27.7631 85
27.76272 86
27.76234 87
27.76196 88
27.76158 89
27.76119 90
27.76081 91
27.76043 92
27.76005 93
27.75967 94
27.75928 95
27.7589 96
27.75852 97
27.75814 98
27.75776 99
27.75738 100
27.75699 101
27.75661 102
27.75623 103
27.75585 104
27.75547 105
27.75509 106
27.75471 107
27.75433 108
27.75395 109
27.75357 110
27.75318 111
27.7528 112
27.75242 113
27.75204 114
27.75166 115
27.75128 116
27.7509 117
27.75052 118
27.75014 119
27.69976 120
27.69938 121
27.699 122
27.69862 123
27.69824 124
27.69786 125
27.69748 126
27.6971 127
27.69672 128
27.69634 129
27.69596 130
27.69558 131
27.6952 132
27.69482 133
27.69445 134
27.69407 135
27.69369 136
27.69331 137
27.69293 138
27.69255 139
27.69217 140
27.69179 141
27.69141 142
27.69103 143
27.69066 144
27.69028 145
27.6899 146
27.68952 147
27.68914 148
27.68876 149
27.68839 150
27.68801 151
27.68763 152
27.68725 153
27.68687 154
27.6865 155
27.68612 156
27.68574 157
27.68536 158
27.68498 159
27.68461 160
27.68423 161
27.68385 162
27.68347 163
27.6331 164
27.63272 165
27.63234 166
27.63197 167
27.63159 168
27.63121 169
27.63083 170
27.63046 171
27.63008 172
27.6297 173
27.62933 174
27.62895 175
27.62857 176
27.6282 177
27.62782 178
27.62744 179
27.62707 180
27.62669 181
27.62632 182
27.62594 183
27.62556 184
27.62519 185
27.62481 186
27.62444 187
27.62406 188
27.62368 189
27.62331 190
27.62293 191
27.62256 192
27.62218 193
27.62181 194
27.62143 195
27.62106 196
27.62068 197
27.62031 198
27.61993 199
27.61956 200
27.61918 201
27.61881 202
27.61843 203
27.61806 204
27.61768 205
27.61731 206
27.61693 207
27.56656 208
27.56618 209
27.56581 210
27.56543 211
27.56506 212
27.56468 213
27.56431 214
27.56394 215
27.56356 216
27.56319 217
27.56281 218
27.56244 219
27.56207 220
27.56169 221
27.56132 222
27.56095 223
27.56057 224
27.5602 225
27.55983 226
27.55945 227
27.55908 228
27.55871 229
27.55833 230
27.55796 231
27.55759 232
27.55721 233
27.55684 234
27.55647 235
27.55609 236
27.55572 237
27.60535 238
27.55498 239
27.5546 240
27.55423 241
27.55386 242
27.55349 243
27.55311 244
27.55274 245
27.55237 246
27.552 247
27.55163 248
27.55125 249
27.55088 250
27.55051 251
27.55014 252
27.49977 253
27.49939 254
27.49902 255
27.49865 256
27.49828 257
27.49791 258
27.49754 259
27.49717 260
27.49679 261
27.49642 262
27.49605 263
27.49568 264
27.49531 265
27.49494 266
27.49457 267
27.4942 268
27.49383 269
27.49346 270
27.49309 271
27.49271 272
27.49234 273
27.49197 274
27.4916 275
27.49123 276
27.49086 277
27.49049 278
27.49012 279
27.48975 280
27.48938 281
27.48901 282
27.48864 283
27.48827 284
27.4879 285
27.48753 286
27.48716 287
27.48679 288
27.48642 289
27.48605 290
27.48569 291
27.48532 292
27.48495 293
27.48458 294
27.48421 295
27.53384 296
27.48347 297
27.4331 298
27.43273 299
27.43236 300
27.43199 301
27.43163 302
27.43126 303
27.43089 304
27.43052 305
27.43015 306
27.42978 307
27.42941 308
27.42905 309
27.42868 310
27.42831 311
27.42794 312
27.42757 313
27.42721 314
27.42684 315
27.42647 316
27.4261 317
27.42573 318
27.42537 319
27.425 320
27.42463 321
27.42426 322
27.4239 323
27.42353 324
27.42316 325
27.42279 326
27.42243 327
27.42206 328
27.42169 329
27.42133 330
27.42096 331
27.42059 332
27.42023 333
27.41986 334
27.41949 335
27.41913 336
27.41876 337
27.41839 338
27.41803 339
27.41766 340
27.41729 341
27.41693 342
27.36656 343
27.36619 344
27.36583 345
27.36546 346
27.3651 347
27.41473 348
27.36436 349
27.364 350
27.41363 351
27.36327 352
27.3629 353
27.36254 354
27.36217 355
27.36181 356
27.41144 357
27.36107 358
27.36071 359
27.36034 360
27.40998 361
27.40961 362
27.35925 363
27.35888 364
27.35852 365
27.35815 366
27.35779 367
27.35742 368
27.40706 369
27.3567 370
27.35633 371
27.40597 372
27.3556 373
27.40524 374
27.35487 375
27.35451 376
27.35415 377
27.35378 378
27.35342 379
27.35305 380
27.35269 381
27.35233 382
27.35196 383
27.4016 384
27.35123 385
27.40087 386
27.40051 387
27.40014 388
27.29978 389
27.34942 390
27.29905 391
27.34869 392
27.34833 393
27.34796 394
27.2976 395
27.34724 396
27.34687 397
27.34651 398
27.29615 399
27.29579 400
27.34542 401
27.34506 402
27.3447 403
27.34434 404
27.29397 405
27.34361 406
27.29325 407
27.29289 408
27.29252 409
27.34216 410
27.3418 411
27.34144 412
27.29107 413
27.34071 414
27.34035 415
27.33999 416
4.38963 417
27.28927 418
27.3389 419
27.33854 420
27.33818 421
27.28782 422
27.28746 423
27.3371 424
27.33674 425
27.28637 426
27.33601 427
27.28565 428
27.33529 429
27.28493 430
27.33457 431
27.28421 432
27.33385 433
27.33349 434
27.23313 435
27.23277 436
27.2324 437
4.38204 438
27.28168 439
27.28132 440
27.28096 441
27.2306 442
27.28024 443
27.27988 444
27.27952 445
27.27916 446
27.2788 447
27.27844 448
27.27808 449
27.22772 450
27.27736 451
27.277 452
27.27664 453
27.27628 454
27.27592 455
27.27556 456
27.27521 457
27.27485 458
27.22449 459
27.27413 460
27.27377 461
27.27341 462
27.27305 463
27.27269 464
27.22233 465
27.27197 466
27.27161 467
27.27126 468
27.2709 469
27.27054 470
27.27018 471
27.26982 472
27.26946 473
27.2691 474
27.26875 475
27.26839 476
27.26803 477
27.26767 478
27.21731 479
27.26696 480
27.2166 481
27.21624 482
27.21588 483
27.16552 484
27.21517 485
27.21481 486
27.21445 487
27.21409 488
27.21374 489
27.21338 490
27.16302 491
27.21266 492
27.21231 493
4.36195 494
27.21159 495
27.21123 496
27.21088 497
27.21052 498
27.21016 499
27.20981 500
27.20945 501
27.20909 502
27.20874 503
27.20838 504
27.20802 505
27.20767 506
27.20731 507
27.20695 508
27.2066 509
27.20624 510
4.35589 511
4.35553 512
27.20517 513
27.20482 514
27.20446 515
27.2041 516
27.20375 517
4.35339 518
27.20304 519
27.20268 520
27.20233 521
27.20197 522
27.20161 523
27.20126 524
27.2009 525
27.20055 526
27.20019 527
27.14984 528
27.09948 529
27.14913 530
27.14877 531
27.14842 532
27.14806 533
27.14771 534
27.14735 535
27.147 536
27.14664 537
27.14629 538
27.14593 539
27.14558 540
27.14523 541
27.14487 542
27.14452 543
27.14416 544
27.14381 545
27.14345 546
27.1431 547
4.34275 548
27.14239 549
27.14204 550
27.14168 551
27.14133 552
27.14098 553
27.14062 554
27.14027 555
27.13991 556
27.13956 557
4.33921 558
27.13885 559
27.1385 560
27.13815 561
27.13779 562
27.13744 563
27.13709 564
27.13673 565
27.13638 566
4.33603 567
27.13568 568
27.13532 569
27.13497 570
27.13462 571
27.13426 572
27.13391 573
27.13356 574
27.08321 575
27.08285 576
27.0825 577
27.08215 578
27.0818 579
27.08144 580
4.33109 581
27.08074 582
4.33039 583
27.08004 584
27.07968 585
27.07933 586
27.07898 587
27.07863 588
27.07828 589
27.07793 590
4.32757 591
27.07722 592
27.07687 593
27.07652 594
27.07617 595
27.07582 596
27.07547 597
27.07511 598
27.07476 599
27.07441 600
27.07406 601
4.32371 602
27.07336 603
27.07301 604
27.07266 605
27.07231 606
4.32196 607
27.07161 608
27.07125 609
27.0709 610
27.07055 611
27.0702 612
27.06985 613
27.0695 614
27.06915 615
27.0688 616
27.06845 617
27.0681 618
27.06775 619
27.0674 620
27.06705 621
27.0667 622
4.31635 623
4.316 624
27.01565 625
27.0153 626
4.31495 627
27.0146 628
27.01425 629
27.01391 630
27.01356 631
27.01321 632
27.01286 633
27.01251 634
27.01216 635
4.31181 636
27.01146 637
27.01111 638
27.01076 639
4.31041 640
27.01007 641
27.00972 642
27.00937 643
4.30902 644
27.00867 645
27.00832 646
27.00797 647
27.00763 648
4.30728 649
27.00693 650
27.00658 651
27.00623 652
27.00588 653
4.30554 654
4.30519 655
27.00484 656
27.00449 657
27.00415 658
27.0038 659
27.00345 660
27.0031 661
4.30275 662
27.00241 663
27.00206 664
27.00171 665
27.00136 666
27.00102 667
27.00067 668
27.00032 669
26.94998 670
4.29963 671
26.94928 672
4.29893 673
4.29859 674
4.29824 675
4.29789 676
26.94755 677
4.2972 678
26.94685 679
26.94651 680
26.94616 681
26.94581 682
26.94547 683
26.94512 684
26.94478 685
4.29443 686
26.94408 687
26.94374 688
4.29339 689
26.94304 690
26.9427 691
26.94235 692
4.29201 693
26.94166 694
26.94132 695
4.29097 696
26.94062 697
26.94028 698
26.93993 699
4.28959 700
26.93924 701
4.2889 702
26.93855 703
4.28821 704
4.28786 705
4.28752 706
26.93717 707
26.93683 708
26.93648 709
26.93614 710
26.93579 711
4.28545 712
4.2851 713
26.93476 714
26.93441 715
4.28407 716
4.28372 717
4.28338 718
4.28303 719
4.28269 720
26.88235 721
26.882 722
4.28166 723
26.88131 724
4.28097 725
26.88062 726
4.28028 727
4.27994 728
4.27959 729
26.87925 730
4.27891 731
26.87856 732
4.27822 733
26.87787 734
4.27753 735
4.27719 736
26.87684 737
4.2765 738
4.27616 739
4.27581 740
26.87547 741
4.27513 742
4.27478 743
4.27444 744
4.2741 745
4.27376 746
4.27341 747
26.87307 748
4.27273 749
4.27238 750
4.27204 751
4.2717 752
4.27136 753
4.27101 754
4.27067 755
4.27033 756
4.26999 757
4.26964 758
4.2693 759
4.26896 760
4.26862 761
4.26828 762
26.86793 763
26.86759 764
26.86725 765
26.86691 766
4.26657 767
4.26623 768
4.26588 769
4.26554 770
26.8152 771
4.26486 772
26.81452 773
26.81418 774
4.26383 775
4.26349 776
4.26315 777
26.81281 778
4.26247 779
26.81213 780
4.26179 781
4.26145 782
4.26111 783
4.26077 784
4.26042 785
4.26008 786
4.25974 787
26.8094 788
26.80906 789
4.25872 790
4.25838 791
4.25804 792
4.2577 793
4.25736 794
4.25702 795
26.80668 796
4.25634 797
4.256 798
4.25566 799
4.25532 800
