28.79507 2
28.84429 4
29.0439 5
28.64352 6
28.59313 7
28.84274 8
28.94235 9
28.74197 10
28.89158 11
28.69119 12
28.84042 14
28.94003 15
28.98964 16
28.78887 18
28.93848 19
28.7881 20
28.78771 21
28.68732 22
28.68694 23
28.83655 24
28.73616 25
28.98578 26
28.93539 27
28.68501 28
28.98423 30
28.93385 31
28.88308 33
28.63269 34
28.93192 36
28.93153 37
28.83115 38
28.83076 39
28.78038 40
28.77999 41
28.92961 42
28.87884 44
28.62845 45
28.77807 46
28.7273 48
28.92653 50
28.77537 53
28.87499 54
28.67461 55
28.77422 56
29.02384 57
28.82076 65
28.87 67
28.81961 68
29.06885 70
29.01808 72
28.81731 74
28.81617 77
28.76502 80
28.76349 84
28.66119 90
28.80967 94
28.9089 96
28.95661 102
28.80509 106
28.95433 108
28.699 122
28.99786 125
