29.49545 1
29.49507 2
29.49468 3
29.54429 4
29.5439 5
29.59352 6
29.44313 7
29.64274 8
29.49235 9
29.49197 10
29.54158 11
29.54119 12
29.5408 13
29.49042 14
29.54003 15
29.53964 16
29.58926 17
29.48887 18
29.43848 19
29.4881 20
29.43771 21
29.48732 22
29.53694 23
29.58655 24
29.68616 25
29.48578 26
29.43539 27
29.58501 28
29.68462 29
29.53423 30
29.53385 31
29.63346 32
29.53308 33
29.63269 34
29.5323 35
29.58192 36
29.48153 37
29.53115 38
29.53076 39
29.58038 40
29.52999 41
29.62961 42
29.47922 43
29.52884 44
29.47845 45
29.47807 46
29.57768 47
29.5273 48
29.47691 49
29.52653 50
29.52614 51
29.52576 52
29.52537 53
29.57499 54
29.52461 55
29.52422 56
29.42384 57
29.62345 58
29.57307 59
29.52268 60
29.5723 61
29.77192 62
29.67153 63
29.62115 64
29.52076 65
29.57038 66
29.77 67
29.46961 68
29.46923 69
29.46885 70
29.51846 71
29.61808 72
29.7677 73
29.46731 74
29.71693 75
29.66655 76
29.76617 77
29.56578 78
29.4654 79
29.56502 80
29.51463 81
29.46425 82
29.61387 83
29.51349 84
29.5131 85
29.71272 86
29.51234 87
29.66196 88
29.71158 89
29.56119 90
29.76081 91
29.56043 92
29.61005 93
29.55967 94
29.55928 95
29.5089 96
29.45852 97
29.60814 98
29.75776 99
29.40738 100
29.70661 102
29.75623 103
29.45547 105
29.50509 106
29.40471 107
29.50433 108
29.50395 109
29.60357 110
29.65318 111
29.5528 112
29.50242 113
29.60204 114
29.80166 115
29.55128 116
29.75052 118
29.60014 119
29.74976 120
29.89938 121
29.599 122
29.49862 123
29.59824 124
29.89748 126
29.4471 127
29.64672 128
29.54634 129
29.79558 131
29.6452 132
29.74482 133
29.49445 134
29.44407 135
29.54369 136
29.54293 138
29.54255 139
29.54217 140
29.44141 142
29.59028 145
29.5899 146
29.63952 147
29.48914 148
29.53876 149
29.58763 152
29.48687 154
29.7865 155
29.48612 156
29.58574 157
29.58536 158
29.58498 159
29.63461 160
29.63423 161
29.48385 162
29.68347 163
29.4831 164
29.53159 168
29.48083 170
29.48046 171
29.78008 172
29.8797 173
29.62895 175
29.62707 180
29.72632 182
29.52594 183
29.47556 184
29.77481 186
29.57444 187
29.52406 188
29.57293 191
29.77143 195
29.47106 196
29.57031 198
29.51993 199
29.51881 202
29.61843 203
29.56731 206
29.66693 207
29.56656 208
29.81468 213
29.56431 214
29.61319 217
29.61281 218
29.71244 219
29.71207 220
29.45833 230
29.50759 232
29.65572 237
29.75014 252
29.64642 262
29.49568 264
29.4942 268
