41.79545 1
41.69507 2
41.99468 3
41.7939 5
41.69352 6
41.79313 7
41.74274 8
41.79235 9
41.89197 10
41.74158 11
41.8908 13
41.84042 14
42.09003 15
41.78964 16
42.18926 17
41.83887 18
41.6881 20
41.78771 21
41.58732 22
41.83694 23
41.63655 24
41.88616 25
41.83578 26
41.83539 27
41.68501 28
41.68462 29
41.93423 30
41.73385 31
41.78346 32
41.63308 33
41.68269 34
41.58192 36
41.63076 39
41.82999 41
41.67961 42
41.82884 44
41.87845 45
41.72807 46
41.72768 47
41.7773 48
41.97691 49
41.77653 50
41.87537 53
41.77461 55
41.67384 57
41.82345 58
41.72307 59
41.92268 60
41.8723 61
41.87192 62
41.82076 65
41.77038 66
41.97 67
41.86961 68
41.6677 73
41.91693 75
41.76387 83
41.86158 89
41.71081 91
41.75967 94
41.75852 97
41.85814 98
41.85661 102
42.00623 103
42.10395 109
41.85318 111
41.80052 118
41.74938 121
41.84824 124
41.84066 144
