65.59545 1
65.59507 2
65.59468 3
65.49429 4
65.5939 5
65.59352 6
65.54313 7
65.79274 8
65.64235 9
65.54197 10
65.64158 11
65.59119 12
65.5908 13
65.64042 14
65.59003 15
65.58964 16
65.53926 17
65.53887 18
65.63848 19
65.4881 20
65.48771 21
65.68732 22
65.58694 23
65.58655 24
65.53616 25
65.68578 26
65.63539 27
65.53501 28
65.68462 29
65.63423 30
65.73385 31
65.63346 32
65.53308 33
65.43269 34
65.7823 35
65.58192 36
65.63153 37
65.58115 38
65.63076 39
65.72999 41
65.72961 42
65.52922 43
65.52884 44
65.52845 45
65.57807 46
65.77768 47
65.7273 48
65.52691 49
65.82653 50
65.57614 51
65.97576 52
65.67537 53
65.57499 54
65.52461 55
65.57384 57
65.82345 58
65.47307 59
65.57268 60
65.5223 61
65.62192 62
65.62153 63
65.52115 64
65.62076 65
65.57038 66
65.57 67
66.01961 68
65.76923 69
65.71885 70
65.61846 71
65.51808 72
65.7677 73
65.66731 74
65.66693 75
65.66655 76
65.51617 77
65.56578 78
65.51502 80
65.71463 81
65.76425 82
65.71349 84
65.5131 85
65.51272 86
65.66234 87
65.61196 88
65.76119 90
65.51081 91
65.61005 93
65.60967 94
65.65928 95
65.7089 96
65.60852 97
65.65814 98
65.90776 99
65.55738 100
65.70699 101
65.80661 102
65.90623 103
65.60585 104
65.60547 105
65.45509 106
65.60471 107
65.85433 108
65.60395 109
65.55357 110
65.65318 111
65.7028 112
65.55242 113
65.85204 114
65.60166 115
65.50128 116
66.0509 117
65.65014 119
65.54976 120
65.59938 121
65.84786 125
65.49748 126
65.5971 127
65.69672 128
65.69634 129
65.69596 130
65.79445 134
65.64407 135
65.59293 138
65.59217 140
65.94141 142
65.49103 143
65.7399 146
65.83763 152
65.63725 153
65.73687 154
65.73574 157
65.68536 158
65.5831 164
65.73121 169
65.48083 170
65.53046 171
65.72707 180
65.67181 194
65.62031 198
65.56468 213
65.71244 219
