71.44545 1
71.54507 2
71.49468 3
71.44429 4
71.5439 5
71.49352 6
71.54313 7
71.49274 8
71.59235 9
71.59197 10
71.44158 11
71.59119 12
71.5408 13
71.54042 14
71.54003 15
71.58964 16
71.58926 17
71.78887 18
71.53848 19
71.5381 20
71.43771 21
71.53732 22
71.38694 23
71.48655 24
71.53616 25
71.48578 26
71.48539 27
71.53501 28
71.53462 29
71.53423 30
71.53385 31
71.48346 32
71.68308 33
71.38269 34
71.4823 35
71.43192 36
71.43153 37
71.53115 38
71.43076 39
71.48038 40
71.52999 41
71.57961 42
71.42922 43
71.42884 44
71.47845 45
71.47807 46
71.42768 47
71.4273 48
71.42691 49
71.47653 50
71.57614 51
71.52576 52
71.47537 53
71.47499 54
71.52461 55
71.52422 56
71.47384 57
71.62345 58
71.42307 59
71.42268 60
71.4223 61
71.57192 62
71.47153 63
71.47115 64
71.57076 65
71.57038 66
71.62 67
71.51961 68
71.51923 69
71.41885 70
71.51846 71
71.61808 72
71.4677 73
71.46731 74
71.56693 75
71.56655 76
71.46617 77
71.56578 78
71.3654 79
71.41502 80
71.51463 81
71.71425 82
71.36387 83
71.46349 84
71.5131 85
71.51272 86
71.41234 87
71.46196 88
71.36158 89
71.46119 90
71.51081 91
71.41043 92
71.76005 93
71.60967 94
71.35928 95
71.5589 96
71.45852 97
71.40814 98
71.50776 99
71.50738 100
71.40661 102
71.45623 103
71.50585 104
71.70547 105
71.50509 106
71.75471 107
71.50433 108
71.65395 109
71.55357 110
71.40318 111
71.5028 112
71.45242 113
71.45204 114
71.55166 115
71.60128 116
71.5509 117
71.55052 118
71.60014 119
71.49976 120
71.39938 121
71.449 122
71.59862 123
71.49824 124
71.59786 125
71.49748 126
71.4471 127
71.59672 128
71.79634 129
71.54596 130
71.59558 131
71.39482 133
71.39445 134
71.54407 135
71.44369 136
71.39331 137
71.44293 138
71.39255 139
71.44217 140
71.44179 141
71.49141 142
71.44103 143
71.39066 144
71.44028 145
71.5399 146
71.83952 147
71.78914 148
71.63839 150
71.48801 151
71.53763 152
71.53725 153
71.63687 154
71.6365 155
71.53612 156
71.58574 157
71.43536 158
71.48498 159
71.48461 160
71.48423 161
71.43385 162
71.53347 163
71.4331 164
71.43272 165
71.43234 166
71.48197 167
71.73159 168
71.53083 170
71.73008 172
71.4797 173
71.72933 174
71.52857 176
71.5782 177
71.37782 178
71.42669 181
71.52632 182
71.42594 183
71.47556 184
71.37519 185
71.57481 186
71.47368 189
71.57331 190
71.37293 191
71.77218 193
71.67181 194
71.62106 196
71.57031 198
71.76918 201
71.66881 202
71.46843 203
71.56806 204
71.61768 205
71.36731 206
71.76618 209
71.61581 210
71.36543 211
71.56506 212
71.66468 213
71.51431 214
71.51281 218
71.41244 219
71.71169 221
71.66132 222
71.56057 224
71.35983 226
71.50684 234
71.55609 236
71.40349 243
71.352 247
71.50163 248
71.70051 251
71.39828 257
71.44605 263
71.49457 267
71.54309 271
71.64271 272
71.64197 274
