77.74545 1
77.69507 2
77.59468 3
77.54429 4
77.7439 5
77.64352 6
77.74313 7
77.59274 8
77.54235 9
77.64197 10
77.69158 11
77.59119 12
77.6408 13
77.94042 14
77.79003 15
77.78964 16
77.63926 17
77.73887 18
77.53848 19
77.7381 20
77.63771 21
77.93732 22
77.93694 23
77.78616 25
77.78578 26
77.83539 27
77.73501 28
77.58462 29
77.63423 30
77.63385 31
77.63346 32
77.53308 33
77.63269 34
77.6823 35
77.58153 37
77.68115 38
77.63076 39
77.63038 40
77.52999 41
77.67961 42
77.52922 43
77.57884 44
77.77845 45
77.62807 46
77.57768 47
77.7273 48
77.57691 49
77.62653 50
77.67614 51
77.62576 52
77.77537 53
77.77461 55
77.62422 56
77.72384 57
77.57345 58
77.72307 59
77.72268 60
77.5723 61
77.62192 62
77.72115 64
77.62076 65
77.72038 66
77.62 67
77.66961 68
77.86923 69
77.56885 70
77.91846 71
77.91808 72
77.8677 73
77.71731 74
77.76693 75
77.61655 76
77.86617 77
77.51578 78
77.7154 79
77.76502 80
77.66425 82
77.56387 83
77.56349 84
77.5131 85
77.66272 86
77.91234 87
77.56196 88
77.71158 89
77.61119 90
77.66043 92
77.61005 93
77.95814 98
77.75699 101
77.70661 102
78.00623 103
77.65585 104
77.95509 106
77.65433 108
77.60395 109
77.60204 114
77.65128 116
77.75052 118
77.80014 119
77.89672 128
77.79634 129
77.84596 130
77.54558 131
77.79482 133
77.94407 135
77.74369 136
77.89255 139
77.6331 164
77.68272 165
77.73159 168
77.66993 199
77.66618 209
