51.74545 1
51.74507 2
51.94468 3
51.64429 4
51.7439 5
51.69352 6
51.64313 7
51.79274 8
51.84235 9
51.74197 10
51.54158 11
51.54119 12
52.0408 13
51.69042 14
51.74003 15
51.93964 16
51.53926 17
51.63887 18
51.78848 19
51.6381 20
51.63771 21
51.63694 23
51.63655 24
51.58616 25
51.58578 26
51.78539 27
51.68501 28
51.93462 29
51.83423 30
51.68346 32
51.68308 33
51.68269 34
51.6823 35
51.68192 36
51.63153 37
51.63115 38
51.63076 39
51.73038 40
51.67999 41
51.72961 42
51.82922 43
51.67884 44
51.72845 45
51.57807 46
51.82768 47
51.6273 48
51.72691 49
51.67653 50
51.62614 51
51.62576 52
52.17499 54
51.52461 55
51.82384 57
51.57345 58
51.97268 60
51.5723 61
51.72192 62
51.52153 63
52.02115 64
51.77076 65
52.02038 66
51.62 67
51.61923 69
51.56885 70
51.66846 71
51.7177 73
51.76731 74
51.56693 75
51.81655 76
51.61617 77
51.6154 79
51.71502 80
51.71463 81
51.81425 82
51.56387 83
51.6131 85
51.91272 86
51.71196 88
51.96158 89
51.96119 90
51.96081 91
51.61043 92
51.90967 94
51.5589 96
51.80852 97
51.55814 98
52.00738 100
51.65661 102
51.85509 106
51.65357 110
51.70128 116
51.55052 118
51.80014 119
51.74976 120
51.64824 124
51.79634 129
51.69558 131
51.83801 151
51.78197 167
51.83159 168
51.67744 179
