39.44507 2
39.29468 3
39.19429 4
39.2439 5
39.49352 6
39.34313 7
39.44274 8
39.39235 9
39.39158 11
39.14119 12
39.1908 13
39.24042 14
39.19003 15
39.23964 16
39.43926 17
39.28887 18
39.23848 19
39.3881 20
39.48771 21
39.33732 22
39.28694 23
39.28655 24
39.08616 25
39.18578 26
39.23501 28
39.23462 29
39.43423 30
39.23385 31
39.38346 32
39.28308 33
39.48269 34
39.4823 35
39.43192 36
39.18153 37
39.38115 38
39.48076 39
39.33038 40
39.22999 41
39.27961 42
39.27922 43
39.17884 44
39.32807 46
39.37653 50
39.32537 53
39.27499 54
39.27345 58
39.32307 59
39.37268 60
39.3223 61
39.42192 62
39.12153 63
39.57115 64
39.37076 65
39.37038 66
39.32 67
39.26808 72
39.4177 73
39.41655 76
39.21502 80
39.21463 81
39.56425 82
39.21196 88
39.46119 90
39.46005 93
39.40967 94
39.45776 99
39.35661 102
39.30471 107
39.50204 114
39.60014 119
39.34862 123
39.34672 128
