28.49545 1
28.59507 2
28.54468 3
28.49429 4
28.5439 5
28.49352 6
28.59313 7
28.54274 8
28.54235 9
28.74197 10
28.64158 11
28.59119 12
28.7408 13
28.54042 14
28.69003 15
28.58964 16
28.68926 17
28.93887 18
28.58848 19
28.5881 20
28.48771 21
28.68732 22
28.53694 23
28.53655 24
28.53616 25
28.63578 26
28.48539 27
28.58501 28
28.53462 29
28.63423 30
28.58385 31
28.53346 32
28.68308 33
28.58269 34
28.5323 35
28.63192 36
28.68153 37
28.58115 38
28.48076 39
28.43038 40
28.72999 41
28.47961 42
28.42922 43
28.62884 44
28.52845 45
28.62807 46
28.57768 47
28.6273 48
28.67691 49
28.62653 50
28.47614 51
28.52576 52
28.62537 53
28.57499 54
28.67461 55
28.62422 56
28.52384 57
28.62345 58
28.52307 59
28.57268 60
28.6223 61
28.77192 62
28.42153 63
28.57115 64
28.57076 65
28.52038 66
28.52 67
28.76961 68
28.81923 69
28.56885 70
28.61846 71
28.71808 72
28.5677 73
28.56731 74
28.56693 75
28.56655 76
28.46617 77
28.66578 78
28.5654 79
28.41502 80
28.71463 81
28.66425 82
28.51387 83
28.56349 84
28.4131 85
28.56272 86
28.76234 87
28.41196 88
28.51158 89
28.61119 90
28.61081 91
28.71043 92
28.56005 93
28.45967 94
28.55928 95
28.9089 96
28.65852 97
28.45814 98
28.50776 99
28.60738 100
28.90699 101
28.50661 102
28.80623 103
28.75547 105
28.65509 106
28.50471 107
28.50433 108
28.75395 109
28.70357 110
28.80318 111
28.5028 112
28.50242 113
28.70204 114
28.90166 115
28.60128 116
28.6009 117
28.60052 118
28.70014 119
28.79976 120
28.64938 121
28.799 122
28.49862 123
28.49824 124
28.69786 125
28.39748 126
28.5971 127
28.44672 128
28.74634 129
28.74596 130
28.64558 131
28.4952 132
28.49482 133
28.94445 134
28.54407 135
28.59369 136
28.49331 137
28.59255 139
28.64217 140
28.69179 141
28.74141 142
28.74066 144
28.74028 145
28.6899 146
28.48952 147
28.88914 148
28.78876 149
28.78839 150
28.43763 152
28.63725 153
28.58687 154
28.8365 155
28.63574 157
28.73498 159
28.58461 160
28.63423 161
28.53347 163
28.43272 165
28.63197 167
28.83121 169
28.48008 172
28.57895 175
28.42707 180
28.57632 182
28.52594 183
28.82556 184
28.82481 186
28.67444 187
28.57406 188
28.82368 189
28.72031 198
28.66918 201
28.46656 208
28.46468 213
28.71394 215
28.50721 233
28.65572 237
28.34309 271
