71.44545 1
71.49507 2
71.54468 3
71.44429 4
71.5439 5
71.49352 6
71.49313 7
71.49274 8
71.44235 9
71.54197 10
71.49158 11
71.39119 12
71.3908 13
71.39042 14
71.44003 15
71.43964 16
71.43926 17
71.58887 18
71.43848 19
71.5381 20
71.48771 21
71.58732 22
71.63694 23
71.48655 24
71.53616 25
71.48578 26
71.43539 27
71.48501 28
71.48462 29
71.48423 30
71.48385 31
71.53346 32
71.48308 33
71.43269 34
71.5323 35
71.43192 36
71.43153 37
71.43115 38
71.48076 39
71.48038 40
71.52999 41
71.47961 42
71.42922 43
71.42884 44
71.42845 45
71.52807 46
71.47768 47
71.4273 48
71.47691 49
71.57653 50
71.47614 51
71.42576 52
71.37537 53
71.52499 54
71.37461 55
71.57422 56
71.47384 57
71.42345 58
71.47307 59
71.47268 60
71.4223 61
71.57192 62
71.47153 63
71.47115 64
71.42076 65
71.72038 66
71.52 67
71.51961 68
71.51923 69
71.46885 70
71.46846 71
71.41808 72
71.4677 73
71.41731 74
71.56693 75
71.36655 76
71.51617 77
71.41578 78
71.4154 79
71.41502 80
71.51463 81
71.46425 82
71.66387 83
71.46349 84
71.5631 85
71.46272 86
71.41234 87
71.41196 88
71.36158 89
71.46119 90
71.41081 91
71.36043 92
71.36005 93
71.45967 94
71.50928 95
71.5089 96
71.55852 97
71.55814 98
71.45776 99
71.45738 100
71.35699 101
71.30661 102
71.45623 103
71.60585 104
71.50547 105
71.55509 106
71.35471 107
71.50433 108
71.70395 109
71.55357 110
71.55318 111
71.4528 112
71.45242 113
71.55204 114
71.40166 115
71.40128 116
71.4009 117
71.45052 118
71.40014 119
71.49976 120
71.49938 121
71.399 122
71.54862 123
71.34824 124
71.44786 125
71.44748 126
71.3971 127
71.44672 128
71.39634 129
71.44596 130
71.44558 131
71.3452 132
71.34482 133
71.44445 134
71.64407 135
71.64369 136
71.39331 137
71.39293 138
71.34255 139
71.34217 140
71.44179 141
71.34141 142
71.54103 143
71.39066 144
71.44028 145
71.5399 146
71.38952 147
71.38914 148
71.43876 149
71.63839 150
71.43801 151
71.43763 152
71.58725 153
71.63687 154
71.4365 155
71.43612 156
71.48574 157
71.33536 158
71.88498 159
71.48461 160
71.48423 161
71.58385 162
71.43347 163
71.3331 164
71.38272 165
71.38234 166
71.53197 167
71.38159 168
71.38121 169
71.33083 170
71.38046 171
71.53008 172
71.3297 173
71.72933 174
71.37895 175
71.52857 176
71.6782 177
71.37782 178
71.37707 180
71.67669 181
71.47594 183
71.42556 184
71.47481 186
71.42406 188
71.47331 190
71.57293 191
71.52256 192
71.52218 193
71.52181 194
71.42143 195
71.62068 197
71.57031 198
71.31993 199
71.61956 200
71.71918 201
71.61881 202
71.46843 203
71.86806 204
71.46768 205
71.36731 206
71.56693 207
71.36656 208
71.51581 210
71.66543 211
71.56506 212
71.56468 213
71.41431 214
71.46394 215
71.76244 219
71.41207 220
71.26169 221
71.31095 223
71.51057 224
71.5602 225
71.55983 226
71.55945 227
71.35833 230
71.55796 231
71.40647 235
71.60572 237
71.60423 241
71.65386 242
71.40349 243
71.45311 244
71.40274 245
71.402 247
71.70088 250
71.60051 251
71.55014 252
71.44902 255
71.44865 256
71.64828 257
71.69754 259
71.7442 268
71.53938 281
71.53901 282
71.4879 285
71.28716 287
71.53642 289
71.6831 298
71.53015 306
71.47169 329
