43.69545 1
43.64507 2
43.84468 3
43.64429 4
43.7439 5
43.89352 6
43.79313 7
43.84274 8
43.84235 9
43.84197 10
43.79158 11
43.64119 12
43.9908 13
43.89042 14
43.79003 15
43.93964 16
43.63926 17
44.03887 18
43.88848 19
43.6881 20
43.88771 21
43.78732 22
43.83694 23
43.93655 24
43.63616 25
43.73578 26
43.93539 27
43.88501 28
43.88462 29
43.73423 30
43.78385 31
43.83346 32
43.73308 33
43.93269 34
43.8323 35
43.88115 38
44.18038 40
43.62961 42
43.57922 43
43.72884 44
43.72845 45
43.7273 48
43.82614 51
43.72499 54
44.12345 58
43.92307 59
43.8723 61
43.87192 62
43.97115 64
43.97076 65
43.87038 66
43.96846 71
43.8177 73
43.96693 75
43.9154 79
43.81119 90
43.81043 92
43.86005 93
43.85776 99
43.85699 101
43.95661 102
43.69824 124
43.59558 131
43.88763 152
43.7297 173
