52.69545 1
52.59507 2
52.59468 3
52.69429 4
52.5939 5
52.64352 6
52.64313 7
53.04274 8
52.69235 9
52.54197 10
52.54158 11
52.79119 12
52.5408 13
52.69042 14
52.84003 15
52.73964 16
52.58926 17
52.63887 18
52.58848 19
52.5381 20
52.58771 21
52.63732 22
52.63694 23
52.68616 25
52.58578 26
52.68539 27
52.93501 28
52.53462 29
52.63423 30
52.63385 31
52.88346 32
52.63308 33
52.78269 34
52.5323 35
52.68192 36
52.53153 37
52.73115 38
52.58076 39
52.73038 40
53.07999 41
52.57961 42
52.57922 43
52.92884 44
52.52845 45
52.62807 46
52.62768 47
52.8273 48
52.62691 49
52.57653 50
52.77614 51
52.52576 52
52.77537 53
52.77499 54
52.67461 55
52.67384 57
52.82345 58
52.82268 60
52.5723 61
52.87192 62
52.62153 63
52.72115 64
52.67076 65
52.77038 66
52.67 67
52.76961 68
52.66923 69
52.61885 70
52.91846 71
52.61808 72
52.61731 74
52.56693 75
52.61655 76
52.56617 77
52.56578 78
52.6654 79
52.56463 81
52.71425 82
52.71349 84
52.71272 86
52.56196 88
52.66158 89
52.71043 92
52.86005 93
52.70967 94
52.65814 98
52.65738 100
52.65699 101
53.05661 102
52.70623 103
52.85509 106
52.65471 107
52.65318 111
52.6028 112
53.00204 114
52.70128 116
52.699 122
52.79786 125
52.9471 127
52.79672 128
52.84482 133
52.44369 136
52.59331 137
52.54255 139
52.59217 140
52.74103 143
52.79028 145
52.93952 147
52.73725 153
52.68423 161
52.83197 167
52.88159 168
52.62744 179
52.62707 180
