0 0
0.05 0.00001
0.1 0.00003
0.15 0.00005
0.2 0.00006
0.25 0.00007
0.3 0.00007
0.35 0.00009
0.4 0.0001
0.45 0.00012
0.5 0.00012
0.55 0.00012
0.6 0.00012
0.65 0.0001
0.7 0.00009
0.75 0.00008
0.8 0.00008
0.85 0.00007
0.9 0.00007
0.95 0.00006
1 0.00005
1.05 0.00005
1.1 0.00005
1.15 0.00005
1.2 0.00005
1.25 0.00006
1.3 0.00006
1.35 0.00006
1.4 0.00005
1.45 0.00005
1.5 0.00005
1.55 0.00005
1.6 0.00005
1.65 0.00005
1.7 0.00005
1.75 0.00004
1.8 0.00005
1.85 0.00005
1.9 0.00004
1.95 0.00004
2 0.00005
2.05 0.00006
2.1 0.00006
2.15 0.00005
2.2 0.00005
2.25 0.00004
2.3 0.00004
2.35 0.00005
2.4 0.00005
2.45 0.00005
2.5 0.00006
2.55 0.00005
2.6 0.00006
2.65 0.00006
2.7 0.00007
2.75 0.00007
2.8 0.00007
2.85 0.00007
2.9 0.00007
2.95 0.00007
3 0.00006
3.05 0.00006
3.1 0.00006
3.15 0.00005
3.2 0.00005
3.25 0.00005
3.3 0.00005
3.35 0.00006
3.4 0.00005
3.45 0.00006
3.5 0.00005
3.55 0.00004
3.6 0.00003
3.65 0.00002
3.7 0.00002
3.75 0.00002
3.8 0.00004
3.85 0.00005
3.9 0.00006
3.95 0.00005
4 0.00005
4.05 0.00005
4.1 0.00004
4.15 0.00003
4.2 0.00002
4.25 0.00001
4.3 0
4.35 0.00001
4.4 0.00001
4.45 0.00001
4.5 0
4.55 0.00001
4.6 0.00001
4.65 0.00002
4.7 0.00003
4.75 0.00003
4.8 0.00002
4.85 0.00001
4.9 -0
4.95 -0.00001
5 -0
5.05 0.00001
5.1 0.00003
5.15 0.00004
5.2 0.00005
5.25 0.00004
5.3 0.00004
5.35 0.00003
5.4 0.00001
5.45 -0
5.5 -0.00002
5.55 -0.00003
5.6 -0.00003
5.65 -0.00003
5.7 -0.00001
5.75 0
5.8 0.00001
5.85 0.00002
5.9 0.00003
5.95 0.00003
6 0.00004
6.05 0.00004
6.1 0.00003
6.15 0.00003
6.2 0.00003
6.25 0.00003
6.3 0.00002
6.35 0.00002
6.4 0.00003
6.45 0.00004
6.5 0.00005
6.55 0.00005
6.6 0.00005
6.65 0.00004
6.7 0.00003
6.75 0.00003
6.8 0.00002
6.85 0.00001
6.9 0
6.95 -0
7 -0.00001
7.05 -0.00001
7.1 -0.00002
7.15 -0.00002
7.2 -0.00002
7.25 -0.00002
7.3 -0.00001
7.35 0
7.4 0.00001
7.45 0.00002
7.5 0.00002
7.55 0.00003
7.6 0.00004
7.65 0.00003
7.7 0.00003
7.75 0.00002
7.8 0.00001
7.85 0
7.9 -0.00001
7.95 -0.00001
8 -0.00001
8.05 -0
8.1 -0
8.15 0.00001
8.2 0.00002
8.25 0.00003
8.3 0.00003
8.35 0.00002
8.4 0.00002
8.45 0.00002
8.5 0.00002
8.55 0.00002
8.6 0.00002
8.65 0.00001
8.7 0.00001
8.75 0.00002
8.8 0.00001
8.85 0.00001
8.9 0.00002
8.95 0.00003
9 0.00003
9.05 0.00003
9.1 0.00003
9.15 0.00003
9.2 0.00003
9.25 0.00002
9.3 0.00002
9.35 0.00001
9.4 0.00001
9.45 -0
9.5 -0
9.55 0
9.6 0
9.65 0.00001
9.7 0.00002
9.75 0.00001
9.8 0
9.85 0
9.9 0.00001
9.95 0
10 -0.00001
10.05 -0.00001
10.1 -0.00001
10.15 -0.00001
10.2 -0.00001
10.25 -0.00001
10.3 -0
10.35 0
10.4 0.00001
10.45 0.00002
10.5 0.00001
10.55 0.00002
10.6 0.00001
10.65 0
10.7 -0.00001
10.75 -0.00001
10.8 -0.00001
10.85 -0.00001
10.9 -0
10.95 -0
11 0.00001
11.05 0.00001
11.1 0.00001
11.15 0.00001
11.2 0.00001
11.25 0.00002
11.3 0.00001
11.35 0.00001
11.4 0.00001
11.45 0
11.5 -0.00001
11.55 -0.00001
11.6 0
11.65 0.00001
11.7 0.00001
11.75 0.00001
11.8 0.00001
11.85 0.00001
11.9 0.00001
11.95 0.00001
12 0
12.05 -0
12.1 -0
12.15 -0.00001
12.2 -0.00001
12.25 -0.00002
12.3 -0.00001
12.35 -0.00001
12.4 -0.00001
12.45 -0
12.5 -0.00001
12.55 -0
12.6 0
12.65 0.00001
12.7 0.00001
12.75 0.00001
12.8 0.00001
12.85 0
12.9 0.00001
12.95 0
13 -0.00001
13.05 -0.00002
13.1 -0.00002
13.15 -0.00003
13.2 -0.00003
13.25 -0.00003
13.3 -0.00003
13.35 -0.00003
13.4 -0.00003
13.45 -0.00002
13.5 -0.00003
13.55 -0.00003
13.6 -0.00003
13.65 -0.00003
13.7 -0.00003
13.75 -0.00003
13.8 -0.00004
13.85 -0.00004
13.9 -0.00004
13.95 -0.00003
14 -0.00001
14.05 -0
14.1 -0
14.15 -0
14.2 0.00001
14.25 0.00001
14.3 0
14.35 -0
14.4 0
14.45 0.00001
14.5 0.00001
14.55 0
14.6 0
14.65 -0
14.7 -0.00001
14.75 -0.00002
14.8 -0.00002
14.85 -0.00001
14.9 -0.00001
14.95 -0.00002
15 -0.00001
15.05 -0.00001
15.1 -0
15.15 0
15.2 -0
15.25 -0
15.3 0
15.35 0.00001
15.4 0.00001
15.45 0.00001
15.5 0.00001
15.55 -0
15.6 -0.00001
15.65 -0.00002
15.7 -0.00002
15.75 -0.00001
15.8 -0
15.85 -0
15.9 -0
15.95 -0
16 -0
16.05 0
16.1 0.00001
16.15 0.00001
16.2 0.00002
16.25 0.00002
16.3 0.00001
16.35 0.00001
16.4 0.00001
16.45 0.00001
16.5 0.00001
16.55 0.00002
16.6 0.00002
16.65 0.00002
16.7 0.00002
16.75 0.00003
16.8 0.00004
16.85 0.00003
16.9 0.00002
16.95 0.00001
17 0.00002
17.05 0.00001
17.1 0.00001
17.15 0
17.2 0
17.25 -0
17.3 -0.00001
17.35 -0.00001
17.4 -0.00001
17.45 -0.00001
17.5 -0
17.55 0.00001
17.6 0.00001
17.65 0.00001
17.7 0
17.75 -0.00001
17.8 -0.00001
17.85 -0.00001
17.9 -0.00002
17.95 -0.00002
18 -0.00002
18.05 -0.00001
18.1 -0.00001
18.15 -0.00001
18.2 0
18.25 0.00001
18.3 0.00002
18.35 0.00003
18.4 0.00003
18.45 0.00002
18.5 0.00002
18.55 0.00002
18.6 0.00002
18.65 0.00001
18.7 -0.00001
18.75 -0.00002
18.8 -0.00003
18.85 -0.00002
18.9 -0.00001
18.95 0
19 0.00001
19.05 0.00002
19.1 0.00002
19.15 0.00001
19.2 0
19.25 -0
19.3 -0.00001
19.35 -0.00001
19.4 -0.00001
19.45 -0.00001
19.5 -0.00002
19.55 -0.00001
19.6 -0
19.65 0
19.7 -0
19.75 0
19.8 0
19.85 0
19.9 0.00001
19.95 0.00001
20 0.00001
20.05 0.00001
20.1 0.00001
20.15 0.00001
20.2 0.00001
20.25 0.00001
20.3 0.00001
20.35 0.00001
20.4 0.00001
20.45 0
20.5 0
20.55 -0
20.6 -0.00001
20.65 -0.00001
20.7 -0.00001
20.75 -0
20.8 0
20.85 -0.00001
20.9 -0.00001
20.95 -0.00001
21 0
21.05 0.00002
21.1 0.00002
21.15 0.00002
21.2 0.00002
21.25 0.00001
21.3 0
21.35 -0.00001
21.4 -0.00002
21.45 -0.00003
21.5 -0.00002
21.55 -0.00001
21.6 -0.00001
21.65 -0.00001
21.7 -0.00001
21.75 0
21.8 0.00001
21.85 0.00002
21.9 0.00002
21.95 0.00002
22 0.00001
22.05 0.00001
22.1 0
22.15 -0
22.2 0
22.25 0
22.3 0.00001
22.35 0.00001
22.4 0.00003
22.45 0.00003
22.5 0.00003
22.55 0.00003
22.6 0.00002
22.65 0.00001
22.7 0
22.75 -0
22.8 -0
22.85 -0
22.9 -0
22.95 0
23 -0
23.05 -0
23.1 -0
23.15 -0.00001
23.2 -0.00001
23.25 -0.00001
23.3 -0.00001
23.35 -0.00001
23.4 -0.00001
23.45 -0.00002
23.5 -0.00003
23.55 -0.00004
23.6 -0.00004
23.65 -0.00004
23.7 -0.00004
23.75 -0.00003
23.8 -0.00002
23.85 -0.00002
23.9 -0.00002
23.95 -0.00002
24 -0.00002
24.05 -0.00003
24.1 -0.00003
24.15 -0.00003
24.2 -0.00002
24.25 -0
24.3 0
24.35 -0
24.4 -0
24.45 -0
24.5 -0.00001
24.55 -0.00001
24.6 0
24.65 0.00001
24.7 0.00001
24.75 0.00001
24.8 0.00001
24.85 0.00001
24.9 0.00001
24.95 0.00001
25 0
25.05 -0.00001
25.1 -0.00001
25.15 -0.00002
25.2 -0.00001
25.25 -0.00001
25.3 -0
25.35 -0
25.4 -0.00001
25.45 -0.00001
25.5 -0
25.55 -0
25.6 -0
25.65 -0.00001
25.7 -0.00001
25.75 -0.00001
25.8 -0.00001
25.85 -0.00001
25.9 -0.00001
25.95 -0.00001
26 -0.00002
26.05 -0.00003
26.1 -0.00003
26.15 -0.00003
26.2 -0.00003
26.25 -0.00003
26.3 -0.00003
26.35 -0.00002
26.4 -0.00001
26.45 -0.00001
26.5 -0.00001
26.55 -0.00001
26.6 -0.00001
26.65 0
26.7 0.00001
26.75 0.00002
26.8 0.00002
26.85 0.00002
26.9 0.00001
26.95 0.00001
27 -0
27.05 -0
27.1 -0.00001
27.15 -0.00001
27.2 -0
27.25 -0
27.3 -0.00001
27.35 -0.00002
27.4 -0.00003
27.45 -0.00003
27.5 -0.00003
27.55 -0.00002
27.6 -0.00002
27.65 -0.00001
27.7 0
27.75 0.00001
27.8 0.00001
27.85 0.00002
27.9 0.00003
27.95 0.00003
28 0.00003
28.05 0.00003
28.1 0.00002
28.15 0.00002
28.2 0.00002
28.25 0.00002
28.3 0.00001
28.35 0
28.4 0
28.45 -0
28.5 -0.00001
28.55 -0.00001
28.6 -0
28.65 0.00001
28.7 0.00001
28.75 -0
28.8 -0
28.85 0
28.9 0.00001
28.95 0.00002
29 0.00002
29.05 0.00002
29.1 0.00001
29.15 -0
29.2 -0.00001
29.25 -0.00001
29.3 -0.00001
29.35 -0
29.4 -0
29.45 0.00001
29.5 0
29.55 -0
29.6 0
29.65 0.00001
29.7 0.00001
29.75 -0
29.8 -0.00001
29.85 -0
29.9 -0
29.95 -0
30 0
30.05 -0
30.1 -0
30.15 -0.00001
30.2 -0.00001
30.25 -0.00002
30.3 -0.00002
30.35 -0.00002
30.4 -0.00001
30.45 -0
30.5 0.00001
30.55 0.00001
30.6 0.00001
30.65 0.00001
30.7 0.00001
30.75 0.00001
30.8 0.00002
30.85 0.00002
30.9 0.00002
30.95 0.00002
31 0.00002
31.05 0.00002
31.1 0.00001
31.15 0.00001
31.2 0.00001
31.25 -0
31.3 -0
31.35 -0.00001
31.4 -0.00001
31.45 -0.00001
31.5 -0.00001
31.55 -0.00001
31.6 -0.00001
31.65 -0
31.7 0
31.75 0.00001
31.8 0.00002
31.85 0.00001
31.9 0.00001
31.95 -0
32 -0.00001
32.05 -0.00002
32.1 -0.00002
32.15 -0.00002
32.2 -0.00001
32.25 -0
32.3 -0
32.35 0
32.4 0.00001
32.45 0.00002
32.5 0.00002
32.55 0.00002
32.6 0.00003
32.65 0.00004
32.7 0.00003
32.75 0.00004
32.8 0.00004
32.85 0.00004
32.9 0.00003
32.95 0.00003
33 0.00003
33.05 0.00003
33.1 0.00002
33.15 0.00002
33.2 0.00002
33.25 0.00001
33.3 0.00001
33.35 0
33.4 -0.00001
33.45 -0
33.5 0
33.55 0.00001
33.6 0.00002
33.65 0.00003
33.7 0.00003
33.75 0.00002
33.8 0.00001
33.85 0
33.9 -0.00001
33.95 -0
34 -0
34.05 -0
34.1 0.00001
34.15 0.00001
34.2 0.00002
34.25 0.00001
34.3 -0
34.35 -0.00001
34.4 -0.00002
34.45 -0.00003
34.5 -0.00003
34.55 -0.00003
34.6 -0.00003
34.65 -0.00003
34.7 -0.00003
34.75 -0.00002
34.8 -0.00002
34.85 -0.00002
34.9 -0.00002
34.95 -0.00002
35 -0.00003
35.05 -0.00003
35.1 -0.00003
35.15 -0.00003
35.2 -0.00004
35.25 -0.00004
35.3 -0.00003
35.35 -0.00002
35.4 -0.00002
35.45 -0.00002
35.5 -0.00002
35.55 -0.00002
35.6 -0.00003
35.65 -0.00003
35.7 -0.00004
35.75 -0.00005
35.8 -0.00005
35.85 -0.00006
35.9 -0.00007
35.95 -0.00008
36 -0.0001
36.05 -0.00011
36.1 -0.00012
36.15 -0.00013
36.2 -0.00013
36.25 -0.00013
36.3 -0.00014
36.35 -0.00016
36.4 -0.00017
36.45 -0.00018
36.5 -0.0002
36.55 -0.00021
36.6 -0.00022
36.65 -0.00024
36.7 -0.00027
36.75 -0.00029
36.8 -0.00031
36.85 -0.00032
36.9 -0.00035
36.95 -0.00038
37 -0.00041
37.05 -0.00045
37.1 -0.00048
37.15 -0.00052
37.2 -0.00055
37.25 -0.00059
37.3 -0.00064
37.35 -0.00069
37.4 -0.00075
37.45 -0.0008
37.5 -0.00085
37.55 -0.0009
37.6 -0.00094
37.65 -0.00099
37.7 -0.00103
37.75 -0.00107
37.8 -0.00113
37.85 -0.00119
37.9 -0.00125
37.95 -0.00131
38 -0.00138
38.05 -0.00145
38.1 -0.00151
38.15 -0.00159
38.2 -0.00167
38.25 -0.00175
38.3 -0.00183
38.35 -0.00189
38.4 -0.00196
38.45 -0.00202
38.5 -0.00209
38.55 -0.00216
38.6 -0.00222
38.65 -0.00227
38.7 -0.00232
38.75 -0.00236
38.8 -0.00241
38.85 -0.00246
38.9 -0.00251
38.95 -0.00255
39 -0.00259
39.05 -0.00262
39.1 -0.00264
39.15 -0.00265
39.2 -0.00266
39.25 -0.00267
39.3 -0.00268
39.35 -0.00268
39.4 -0.00267
39.45 -0.00265
39.5 -0.00262
39.55 -0.00258
39.6 -0.00253
39.65 -0.00247
39.7 -0.0024
39.75 -0.00232
39.8 -0.00223
39.85 -0.00215
39.9 -0.00205
39.95 -0.00194
40 -0.00183
40.05 -0.0017
40.1 -0.00158
40.15 -0.00144
40.2 -0.00129
40.25 -0.00114
40.3 -0.00098
40.35 -0.00081
40.4 -0.00062
40.45 -0.00044
40.5 -0.00026
40.55 -0.00007
40.6 0.00011
40.65 0.0003
40.7 0.00049
40.75 0.00069
40.8 0.00089
40.85 0.0011
40.9 0.0013
40.95 0.00151
41 0.0017
41.05 0.00189
41.1 0.00207
41.15 0.00226
41.2 0.00244
41.25 0.00263
41.3 0.0028
41.35 0.00297
41.4 0.00313
41.45 0.00329
41.5 0.00343
41.55 0.00356
41.6 0.00369
41.65 0.0038
41.7 0.00391
41.75 0.004
41.8 0.00407
41.85 0.00414
41.9 0.0042
41.95 0.00424
42 0.00429
42.05 0.00433
42.1 0.00435
42.15 0.00435
42.2 0.00436
42.25 0.00435
42.3 0.00434
42.35 0.00432
42.4 0.00429
42.45 0.00423
42.5 0.00418
42.55 0.00412
42.6 0.00405
42.65 0.00396
42.7 0.00387
42.75 0.00376
42.8 0.00366
42.85 0.00356
42.9 0.00345
42.95 0.00333
43 0.00321
43.05 0.00309
43.1 0.00296
43.15 0.00284
43.2 0.00272
43.25 0.0026
43.3 0.00248
43.35 0.00234
43.4 0.00221
43.45 0.00208
43.5 0.00195
43.55 0.00182
43.6 0.00169
43.65 0.00157
43.7 0.00146
43.75 0.00134
43.8 0.00121
43.85 0.0011
43.9 0.00099
43.95 0.00088
44 0.00077
44.05 0.00067
44.1 0.00058
44.15 0.00048
44.2 0.0004
44.25 0.00032
44.3 0.00024
44.35 0.00016
44.4 0.00008
44.45 -0.00001
44.5 -0.00007
44.55 -0.00014
44.6 -0.0002
44.65 -0.00026
44.7 -0.00031
44.75 -0.00036
44.8 -0.00041
44.85 -0.00045
44.9 -0.00049
44.95 -0.00053
45 -0.00057
45.05 -0.00059
45.1 -0.00062
45.15 -0.00064
45.2 -0.00066
45.25 -0.00068
45.3 -0.00069
45.35 -0.0007
45.4 -0.0007
45.45 -0.00071
45.5 -0.00072
45.55 -0.00073
45.6 -0.00075
45.65 -0.00076
45.7 -0.00077
45.75 -0.00079
45.8 -0.00079
45.85 -0.00079
45.9 -0.00079
45.95 -0.00079
46 -0.00079
46.05 -0.0008
46.1 -0.0008
46.15 -0.0008
46.2 -0.0008
46.25 -0.00079
46.3 -0.00077
46.35 -0.00076
46.4 -0.00075
46.45 -0.00074
46.5 -0.00073
46.55 -0.00071
46.6 -0.0007
46.65 -0.00069
46.7 -0.00069
46.75 -0.00067
46.8 -0.00067
46.85 -0.00066
46.9 -0.00064
46.95 -0.00064
47 -0.00063
47.05 -0.00062
47.1 -0.0006
47.15 -0.00059
47.2 -0.00058
47.25 -0.00056
47.3 -0.00054
47.35 -0.00052
47.4 -0.00051
47.45 -0.00051
47.5 -0.0005
47.55 -0.0005
47.6 -0.00051
47.65 -0.00051
47.7 -0.0005
47.75 -0.00049
47.8 -0.00049
47.85 -0.00048
47.9 -0.00047
47.95 -0.00046
48 -0.00045
48.05 -0.00043
48.1 -0.00042
48.15 -0.00042
48.2 -0.00043
48.25 -0.00043
48.3 -0.00044
48.35 -0.00044
48.4 -0.00044
48.45 -0.00044
48.5 -0.00043
48.55 -0.00041
48.6 -0.0004
48.65 -0.00039
48.7 -0.00037
48.75 -0.00036
48.8 -0.00035
48.85 -0.00034
48.9 -0.00033
48.95 -0.00034
49 -0.00033
49.05 -0.00033
49.1 -0.00032
49.15 -0.00031
49.2 -0.00031
49.25 -0.00032
49.3 -0.00033
49.35 -0.00033
49.4 -0.00033
49.45 -0.00032
49.5 -0.00032
49.55 -0.00031
49.6 -0.00031
49.65 -0.0003
49.7 -0.0003
49.75 -0.0003
49.8 -0.0003
49.85 -0.00029
49.9 -0.00028
49.95 -0.00028
50 -0.00028
50.05 -0.00028
50.1 -0.00027
50.15 -0.00025
50.2 -0.00024
50.25 -0.00023
50.3 -0.00022
50.35 -0.00022
50.4 -0.00022
50.45 -0.00023
50.5 -0.00023
50.55 -0.00022
50.6 -0.00021
50.65 -0.00021
50.7 -0.00021
50.75 -0.00021
50.8 -0.0002
50.85 -0.00019
50.9 -0.00017
50.95 -0.00016
51 -0.00015
51.05 -0.00014
51.1 -0.00014
51.15 -0.00014
51.2 -0.00015
51.25 -0.00016
51.3 -0.00016
51.35 -0.00016
51.4 -0.00016
51.45 -0.00016
51.5 -0.00016
51.55 -0.00016
51.6 -0.00016
51.65 -0.00015
51.7 -0.00015
51.75 -0.00015
51.8 -0.00014
51.85 -0.00013
51.9 -0.00013
51.95 -0.00012
52 -0.00012
52.05 -0.00012
52.1 -0.00012
52.15 -0.00011
52.2 -0.00011
52.25 -0.00011
52.3 -0.00012
52.35 -0.00013
52.4 -0.00014
52.45 -0.00014
52.5 -0.00014
52.55 -0.00013
52.6 -0.00012
52.65 -0.00011
52.7 -0.00011
52.75 -0.0001
52.8 -0.0001
52.85 -0.0001
52.9 -0.0001
52.95 -0.0001
53 -0.00009
53.05 -0.00008
53.1 -0.00008
53.15 -0.00008
53.2 -0.00009
53.25 -0.00009
53.3 -0.00009
53.35 -0.00009
53.4 -0.0001
53.45 -0.0001
53.5 -0.0001
53.55 -0.00009
53.6 -0.00009
53.65 -0.00008
53.7 -0.00008
53.75 -0.00007
53.8 -0.00007
53.85 -0.00006
53.9 -0.00007
53.95 -0.00006
54 -0.00006
54.05 -0.00005
54.1 -0.00005
54.15 -0.00004
54.2 -0.00003
54.25 -0.00003
54.3 -0.00004
54.35 -0.00005
54.4 -0.00005
54.45 -0.00006
54.5 -0.00006
54.55 -0.00006
54.6 -0.00007
54.65 -0.00007
54.7 -0.00007
54.75 -0.00007
54.8 -0.00007
54.85 -0.00006
54.9 -0.00007
54.95 -0.00007
55 -0.00007
55.05 -0.00006
55.1 -0.00005
55.15 -0.00004
55.2 -0.00004
55.25 -0.00004
55.3 -0.00005
55.35 -0.00005
55.4 -0.00005
55.45 -0.00004
55.5 -0.00004
55.55 -0.00003
55.6 -0.00003
55.65 -0.00001
55.7 -0.00001
55.75 -0.00001
55.8 -0.00001
55.85 -0.00002
55.9 -0.00002
55.95 -0.00002
56 -0.00003
56.05 -0.00003
56.1 -0.00003
56.15 -0.00003
56.2 -0.00003
56.25 -0.00004
56.3 -0.00005
56.35 -0.00006
56.4 -0.00006
56.45 -0.00005
56.5 -0.00005
56.55 -0.00005
56.6 -0.00005
56.65 -0.00005
56.7 -0.00005
56.75 -0.00004
56.8 -0.00003
56.85 -0.00003
56.9 -0.00002
56.95 -0.00002
57 -0.00002
57.05 -0.00002
57.1 -0.00003
57.15 -0.00005
57.2 -0.00006
57.25 -0.00006
57.3 -0.00006
57.35 -0.00005
57.4 -0.00004
57.45 -0.00003
57.5 -0.00002
57.55 -0.00001
57.6 -0.00001
57.65 -0.00001
57.7 -0.00001
57.75 -0.00001
57.8 0
57.85 0.00001
57.9 0.00001
57.95 0.00001
58 0.00001
58.05 0.00001
58.1 -0
58.15 -0.00001
58.2 -0.00002
58.25 -0.00003
58.3 -0.00004
58.35 -0.00004
58.4 -0.00005
58.45 -0.00005
58.5 -0.00005
58.55 -0.00005
58.6 -0.00005
58.65 -0.00004
58.7 -0.00004
58.75 -0.00004
58.8 -0.00003
58.85 -0.00003
58.9 -0.00003
58.95 -0.00002
59 -0.00002
59.05 -0.00001
59.1 -0
59.15 -0
59.2 0
59.25 0
59.3 -0
59.35 -0.00001
59.4 -0.00001
59.45 -0.00001
59.5 -0.00002
59.55 -0.00002
59.6 -0.00002
59.65 -0.00002
59.7 -0.00001
59.75 -0
59.8 0.00001
59.85 0.00001
59.9 -0
59.95 -0.00001
60 -0.00003
60.05 -0.00003
60.1 -0.00003
60.15 -0.00003
60.2 -0.00003
60.25 -0.00003
60.3 -0.00002
60.35 -0.00002
60.4 -0.00002
60.45 -0.00003
60.5 -0.00004
60.55 -0.00004
60.6 -0.00003
60.65 -0.00003
60.7 -0.00003
60.75 -0.00003
60.8 -0.00003
60.85 -0.00002
60.9 -0.00002
60.95 -0.00001
61 -0.00001
61.05 -0
61.1 -0
61.15 0
61.2 0.00001
61.25 0.00001
61.3 0
61.35 -0.00001
61.4 -0.00002
61.45 -0.00002
61.5 -0.00001
61.55 -0.00001
61.6 -0.00001
61.65 -0.00002
61.7 -0.00002
61.75 -0.00002
61.8 -0.00002
61.85 -0.00003
61.9 -0.00003
61.95 -0.00002
62 -0.00003
62.05 -0.00003
62.1 -0.00003
62.15 -0.00003
62.2 -0.00004
62.25 -0.00004
62.3 -0.00003
62.35 -0.00003
62.4 -0.00003
62.45 -0.00002
62.5 -0.00002
62.55 -0.00002
62.6 -0
62.65 0.00001
62.7 0.00003
62.75 0.00003
62.8 0.00004
62.85 0.00005
62.9 0.00006
62.95 0.00006
63 0.00005
63.05 0.00004
63.1 0.00003
63.15 0.00002
63.2 0.00001
63.25 0
63.3 -0
63.35 -0.00001
63.4 -0.00001
63.45 -0.00001
63.5 0
63.55 0
63.6 -0
63.65 -0.00001
63.7 -0.00001
63.75 -0
63.8 -0
63.85 -0
63.9 -0
63.95 -0.00001
64 -0
64.05 -0
64.1 0
64.15 0
64.2 -0
64.25 -0
64.3 0
64.35 0.00001
64.4 0.00002
64.45 0.00003
64.5 0.00002
64.55 0.00002
64.6 0
64.65 -0.00001
64.7 -0.00001
64.75 -0.00002
64.8 -0.00003
64.85 -0.00003
64.9 -0.00003
64.95 -0.00004
65 -0.00003
65.05 -0.00002
65.1 -0.00002
65.15 -0.00003
65.2 -0.00003
65.25 -0.00002
65.3 -0.00002
65.35 -0.00001
65.4 -0.00001
65.45 -0
65.5 0
65.55 0.00001
65.6 0.00001
65.65 0.00001
65.7 0.00001
65.75 0.00002
65.8 0.00002
65.85 0.00002
65.9 0.00001
65.95 0.00001
66 -0.00001
66.05 -0.00002
66.1 -0.00002
66.15 -0.00002
66.2 -0.00002
66.25 -0.00002
66.3 -0.00002
66.35 -0.00002
66.4 -0.00002
66.45 -0.00001
66.5 -0
66.55 0.00001
66.6 0.00001
66.65 0.00001
66.7 0.00002
66.75 0.00002
66.8 0.00002
66.85 0.00002
66.9 0.00001
66.95 0
67 -0
67.05 -0.00001
67.1 -0
67.15 -0
67.2 0
67.25 0
67.3 0
67.35 -0
67.4 -0.00001
67.45 -0.00001
67.5 -0.00001
67.55 -0.00002
67.6 -0.00002
67.65 -0.00002
67.7 -0.00002
67.75 -0.00002
67.8 -0.00001
67.85 0
67.9 0
67.95 0.00001
68 0.00001
68.05 0.00001
68.1 0.00001
68.15 0.00002
68.2 0.00003
68.25 0.00003
68.3 0.00002
68.35 0.00002
68.4 0.00001
68.45 0
68.5 -0
68.55 -0.00001
68.6 -0.00001
68.65 -0.00001
68.7 -0.00001
68.75 -0.00001
68.8 -0.00002
68.85 -0.00002
68.9 -0.00003
68.95 -0.00003
69 -0.00004
69.05 -0.00005
69.1 -0.00004
69.15 -0.00004
69.2 -0.00003
69.25 -0.00003
69.3 -0.00002
69.35 -0.00002
69.4 -0.00002
69.45 -0.00002
69.5 -0.00002
69.55 -0.00002
69.6 -0.00001
69.65 -0.00001
69.7 0
69.75 0
69.8 0.00001
69.85 0.00001
69.9 0.00001
69.95 0.00002
70 0.00002
70.05 0.00002
70.1 0.00001
70.15 0
70.2 -0.00001
70.25 -0.00002
70.3 -0.00003
70.35 -0.00002
70.4 -0.00002
70.45 -0.00001
70.5 -0.00001
70.55 -0.00001
70.6 -0
70.65 0.00001
70.7 0.00001
70.75 0.00001
70.8 0.00001
70.85 0
70.9 0.00001
70.95 0
71 0.00001
71.05 0.00002
71.1 0.00003
71.15 0.00004
71.2 0.00003
71.25 0.00004
71.3 0.00004
71.35 0.00004
71.4 0.00003
71.45 0.00002
71.5 0.00001
71.55 0.00001
71.6 -0
71.65 -0.00002
71.7 -0.00002
71.75 -0.00002
71.8 -0.00001
71.85 -0
71.9 0
71.95 0.00001
72 0.00001
72.05 -0
72.1 -0
72.15 -0.00001
72.2 -0.00001
72.25 0.00001
72.3 0.00001
72.35 0.00001
72.4 0
72.45 -0
72.5 0
72.55 0.00001
72.6 0.00001
72.65 0.00001
72.7 0.00001
72.75 0.00001
72.8 0.00002
72.85 0.00002
72.9 0.00003
72.95 0.00003
73 0.00002
73.05 0.00002
73.1 0.00002
73.15 0.00002
73.2 0.00002
73.25 0.00002
73.3 0.00003
73.35 0.00004
73.4 0.00005
73.45 0.00004
73.5 0.00004
73.55 0.00003
73.6 0.00002
73.65 0.00001
73.7 0
73.75 0.00001
73.8 0.00001
73.85 -0
73.9 -0
73.95 0
74 0
74.05 -0
74.1 0
74.15 0
74.2 -0
74.25 -0
74.3 -0
74.35 0
74.4 0.00001
74.45 0.00001
74.5 -0
74.55 -0
74.6 -0.00001
74.65 -0.00002
74.7 -0.00001
74.75 -0.00001
74.8 -0.00001
74.85 0
74.9 0.00001
74.95 0.00001
75 0.00001
75.05 0
75.1 -0.00001
75.15 -0.00001
75.2 -0.00001
75.25 -0.00002
75.3 -0.00002
75.35 -0.00002
75.4 -0.00002
75.45 -0.00001
75.5 -0
75.55 -0
75.6 0
75.65 0.00001
75.7 0.00001
75.75 -0
75.8 -0
75.85 0
75.9 0.00001
75.95 0.00001
76 0
76.05 -0
76.1 -0.00001
76.15 -0.00002
76.2 -0.00001
76.25 -0.00001
76.3 -0
76.35 -0.00001
76.4 -0.00001
76.45 -0.00003
76.5 -0.00002
76.55 -0.00003
76.6 -0.00003
76.65 -0.00003
76.7 -0.00003
76.75 -0.00003
76.8 -0.00002
76.85 -0.00001
76.9 -0
76.95 0
77 -0
77.05 -0.00001
77.1 -0.00001
77.15 -0.00001
77.2 -0.00002
77.25 -0.00003
77.3 -0.00003
77.35 -0.00003
77.4 -0.00004
77.45 -0.00003
77.5 -0.00003
77.55 -0.00002
77.6 -0.00001
77.65 -0.00001
77.7 -0.00001
77.75 -0.00001
77.8 -0.00001
77.85 -0.00001
77.9 -0.00001
77.95 -0.00001
78 0
78.05 0.00001
78.1 0.00001
78.15 -0
78.2 0
78.25 0
78.3 0
78.35 0.00001
78.4 0.00001
78.45 0.00001
78.5 0
78.55 -0
78.6 -0
78.65 0
78.7 0
78.75 -0
78.8 -0
78.85 0
78.9 0.00001
78.95 0.00002
79 0.00003
79.05 0.00002
79.1 0.00002
79.15 0.00002
79.2 0.00001
79.25 0.00001
79.3 -0
79.35 -0.00001
79.4 -0.00002
79.45 -0.00003
79.5 -0.00003
79.55 -0.00003
79.6 -0.00003
79.65 -0.00002
79.7 -0.00001
79.75 0
79.8 0.00002
79.85 0.00003
79.9 0.00004
79.95 0.00003
80 0.00002
80.05 0.00001
80.1 0
80.15 -0.00001
80.2 -0.00002
80.25 -0.00002
80.3 -0.00002
80.35 -0.00002
80.4 -0.00002
80.45 -0.00001
80.5 -0
80.55 0.00001
80.6 0.00001
80.65 0.00001
80.7 0
80.75 -0
80.8 -0
80.85 -0.00001
80.9 -0.00002
80.95 -0.00002
81 -0.00002
81.05 -0.00001
81.1 -0
81.15 0
81.2 0.00001
81.25 0.00001
81.3 0.00001
81.35 0.00001
81.4 0.00001
81.45 0.00002
81.5 0.00002
81.55 0.00003
81.6 0.00002
81.65 0.00002
81.7 0.00001
81.75 0.00001
81.8 0.00001
81.85 0
81.9 -0
81.95 0
82 0.00001
82.05 0.00002
82.1 0.00002
82.15 0.00002
82.2 0.00002
82.25 0.00001
82.3 0.00001
82.35 0
82.4 0
82.45 -0
82.5 -0.00001
82.55 -0
82.6 -0.00001
82.65 -0
82.7 0
82.75 0.00001
82.8 0
82.85 0
82.9 0.00001
82.95 0.00002
83 0.00002
83.05 0.00001
83.1 0.00001
83.15 0.00002
83.2 0.00002
83.25 0.00003
83.3 0.00002
83.35 0.00002
83.4 0.00002
83.45 0.00002
83.5 0.00003
83.55 0.00003
83.6 0.00003
83.65 0.00002
83.7 0.00001
83.75 0.00001
83.8 0.00001
83.85 0
83.9 0.00001
83.95 0.00002
84 0.00001
84.05 0.00001
84.1 0.00001
84.15 0.00002
84.2 0.00001
84.25 0
84.3 -0.00001
84.35 -0.00001
84.4 -0.00001
84.45 -0
84.5 -0
84.55 -0.00001
84.6 -0.00001
84.65 -0.00001
84.7 -0.00001
84.75 -0.00001
84.8 -0.00001
84.85 -0.00002
84.9 -0.00002
84.95 -0.00003
85 -0.00003
85.05 -0.00003
85.1 -0.00003
85.15 -0.00001
85.2 0.00001
85.25 0.00001
85.3 0.00001
85.35 0.00001
85.4 0.00001
85.45 0
85.5 -0.00001
85.55 -0.00001
85.6 -0.00001
85.65 -0.00002
85.7 -0.00002
85.75 -0.00003
85.8 -0.00003
85.85 -0.00003
85.9 -0.00003
85.95 -0.00003
86 -0.00003
86.05 -0.00003
86.1 -0.00003
86.15 -0.00003
86.2 -0.00002
86.25 -0.00001
86.3 -0.00001
86.35 0
86.4 0.00002
86.45 0.00003
86.5 0.00003
86.55 0.00003
86.6 0.00003
86.65 0.00003
86.7 0.00003
86.75 0.00004
86.8 0.00004
86.85 0.00004
86.9 0.00005
86.95 0.00005
87 0.00005
87.05 0.00003
87.1 0.00002
87.15 0
87.2 -0.00001
87.25 -0.00001
87.3 -0.00002
87.35 -0.00002
87.4 -0.00003
87.45 -0.00003
87.5 -0.00002
87.55 -0.00002
87.6 -0.00001
87.65 -0.00001
87.7 -0.00002
87.75 -0.00003
87.8 -0.00002
87.85 -0.00002
87.9 -0
87.95 0
88 0.00001
88.05 0.00001
88.1 0.00002
88.15 0.00002
88.2 0.00001
88.25 0.00001
88.3 0
88.35 0
88.4 0.00001
88.45 0.00002
88.5 0.00002
88.55 0.00002
88.6 0.00002
88.65 0.00002
88.7 0.00001
88.75 0.00001
88.8 0.00002
88.85 0.00002
88.9 0.00002
88.95 0.00002
89 0.00002
89.05 0.00002
89.1 0.00002
89.15 0.00001
89.2 0
89.25 -0
89.3 -0
89.35 -0
89.4 0
89.45 0.00001
89.5 0.00001
89.55 0.00002
89.6 0.00002
89.65 0.00001
89.7 0.00001
89.75 0
89.8 -0
89.85 -0
89.9 -0.00001
89.95 -0.00001
90 -0.00001
90.05 -0.00001
90.1 -0.00002
90.15 -0.00001
90.2 -0.00001
90.25 0
90.3 0.00001
90.35 0.00003
90.4 0.00003
90.45 0.00003
90.5 0.00002
90.55 0.00002
90.6 0.00001
90.65 0
90.7 -0.00001
90.75 -0.00001
90.8 -0.00001
90.85 -0
90.9 -0
90.95 0
91 0.00001
91.05 -0
91.1 -0.00001
91.15 -0.00001
91.2 -0.00001
91.25 -0.00001
91.3 0
91.35 0.00001
91.4 0.00002
91.45 0.00002
91.5 0.00001
91.55 0.00001
91.6 0.00001
91.65 0.00001
91.7 0.00001
91.75 -0
91.8 -0.00001
91.85 -0.00002
91.9 -0.00002
91.95 -0.00002
92 -0.00002
92.05 -0.00002
92.1 -0.00001
92.15 -0.00001
92.2 -0.00002
92.25 -0.00002
92.3 -0.00002
92.35 -0.00001
92.4 -0.00002
92.45 -0.00002
92.5 -0.00003
92.55 -0.00002
92.6 -0.00002
92.65 -0.00002
92.7 -0.00002
92.75 -0.00003
92.8 -0.00004
92.85 -0.00004
92.9 -0.00003
92.95 -0.00002
93 -0.00001
93.05 -0.00001
93.1 -0.00001
93.15 -0.00002
93.2 -0.00003
93.25 -0.00003
93.3 -0.00003
93.35 -0.00004
93.4 -0.00003
93.45 -0.00002
93.5 -0.00001
93.55 0
93.6 0.00002
93.65 0.00003
93.7 0.00003
93.75 0.00002
93.8 0.00001
93.85 0
93.9 0
93.95 0
94 0.00001
94.05 0.00001
94.1 0.00001
94.15 0.00002
94.2 0.00002
94.25 0.00002
94.3 0.00001
94.35 0.00001
94.4 0
94.45 0
94.5 0
94.55 0
94.6 0.00001
94.65 0.00002
94.7 0.00001
94.75 0
94.8 -0.00001
94.85 -0.00002
94.9 -0.00003
94.95 -0.00003
95 -0.00004
95.05 -0.00004
95.1 -0.00004
95.15 -0.00004
95.2 -0.00004
95.25 -0.00003
95.3 -0.00003
95.35 -0.00002
95.4 -0.00002
95.45 -0.00003
95.5 -0.00002
95.55 -0.00001
95.6 -0.00001
95.65 -0.00001
95.7 0
95.75 0.00001
95.8 0.00002
95.85 0.00002
95.9 0.00001
95.95 0.00001
96 0.00001
96.05 0.00001
96.1 0.00001
96.15 0.00001
96.2 0.00001
96.25 0.00001
96.3 -0
96.35 0
96.4 0
96.45 -0.00001
96.5 -0
96.55 0
96.6 0.00001
96.65 0.00001
96.7 0.00001
96.75 0.00001
96.8 0.00002
96.85 0.00001
96.9 0.00001
96.95 0.00001
97 0
97.05 -0.00001
97.1 -0.00002
97.15 -0.00002
97.2 -0.00001
97.25 -0
97.3 0.00001
97.35 0.00001
97.4 0.00001
97.45 0.00001
97.5 0.00001
97.55 0.00001
97.6 -0
97.65 -0.00001
97.7 -0.00001
97.75 -0
97.8 -0.00001
97.85 -0.00001
97.9 -0.00002
97.95 -0.00002
98 -0.00001
98.05 0
98.1 0.00001
98.15 0.00001
98.2 0.00001
98.25 0.00002
98.3 0.00002
98.35 0.00002
98.4 0.00001
98.45 0
98.5 0
98.55 0.00001
98.6 0.00001
98.65 0.00001
98.7 0
98.75 0
98.8 0.00001
98.85 0
98.9 -0.00001
98.95 -0.00001
99 -0.00001
99.05 -0.00001
99.1 -0
99.15 -0
99.2 0
99.25 0
99.3 0
99.35 -0
99.4 -0.00001
99.45 -0.00002
99.5 -0.00002
99.55 -0.00002
99.6 -0.00001
99.65 -0
99.7 -0
99.75 -0.00001
99.8 -0.00001
99.85 0
99.9 0.00001
99.95 0.00002
