51.69545 1
51.94507 2
51.64468 3
51.79429 4
51.5939 5
51.64352 6
51.69313 7
51.84274 8
51.79235 9
51.84197 10
51.69158 11
51.84119 12
51.5908 13
51.69042 14
51.84003 15
51.93964 16
51.88926 17
51.63887 18
51.63848 19
51.6881 20
51.68771 21
51.63732 22
51.68694 23
51.63655 24
51.78616 25
51.83578 26
51.68539 27
51.68501 28
51.68462 29
51.73423 30
51.78385 31
51.88346 32
51.68308 33
51.68269 34
51.6323 35
51.88192 36
51.58153 37
51.88115 38
51.63076 39
51.78038 40
51.57999 41
51.82961 42
51.67884 44
51.82845 45
51.62807 46
51.62768 47
51.8773 48
51.87653 50
51.87614 51
51.72576 52
51.62537 53
51.82499 54
51.72345 58
51.52307 59
51.92268 60
51.9223 61
51.62153 63
51.67115 64
51.67038 66
51.92 67
51.96961 68
51.66923 69
51.56885 70
51.81846 71
51.76808 72
51.5677 73
51.81731 74
51.66693 75
51.66655 76
51.61617 77
51.56387 83
51.8631 85
51.81272 86
51.66081 91
51.76005 93
51.8089 96
51.80776 99
51.75699 101
51.70585 104
51.70547 105
52.00395 109
51.8528 112
51.80242 113
51.65128 116
52.0009 117
51.60052 118
51.74558 131
51.9452 132
51.54028 145
