39.59545 1
39.69507 2
39.64468 3
39.59429 4
39.6439 5
39.49352 6
39.64313 7
39.69274 8
39.54235 9
39.59197 10
39.59158 11
39.64119 12
39.7408 13
39.59042 14
39.64003 15
39.58964 16
39.53926 17
39.58887 18
39.48848 19
39.6381 20
39.58771 21
39.58732 22
39.63694 23
39.63655 24
39.68616 25
39.93578 26
39.58539 27
39.68501 28
39.63462 29
39.58423 30
39.58385 31
39.73346 32
39.48308 33
39.88269 34
39.7323 35
39.63192 36
39.53153 37
39.48115 38
39.78076 39
39.63038 40
39.57999 41
39.57961 42
39.82922 43
39.57884 44
39.52845 45
39.62807 46
39.67768 47
39.7773 48
39.72691 49
39.67653 50
39.57614 51
39.57576 52
39.62537 53
39.97499 54
39.72461 55
39.67422 56
39.57384 57
39.62345 58
39.67307 59
39.62268 60
39.7223 61
39.57192 62
39.82153 63
39.92115 64
39.52076 65
39.62038 66
39.57 67
39.51961 68
39.61923 69
39.56885 70
39.56846 71
39.76808 72
39.6177 73
39.66731 74
39.66693 75
39.56655 76
39.56578 78
39.6654 79
39.66502 80
39.56463 81
39.61425 82
39.66387 83
39.5631 85
39.56272 86
39.66234 87
39.61196 88
39.91158 89
39.51119 90
39.66081 91
39.66043 92
39.56005 93
39.70967 94
39.80928 95
39.8589 96
39.85852 97
39.90814 98
39.60776 99
39.55738 100
39.90699 101
39.60661 102
39.75623 103
39.85585 104
39.60547 105
39.70471 107
39.75433 108
39.65357 110
39.70318 111
39.7028 112
39.85242 113
39.60204 114
39.70166 115
39.60052 118
39.74976 120
39.59938 121
39.499 122
39.94862 123
39.74786 125
39.74672 128
39.64634 129
39.64596 130
39.69482 133
39.89445 134
39.64407 135
39.79369 136
39.84255 139
39.68839 150
39.83763 152
39.68687 154
39.78612 156
39.63536 158
39.63272 165
39.53121 169
39.88083 170
39.48008 172
39.67895 175
39.77744 179
39.67632 182
39.82368 189
39.52218 193
39.71881 202
