46.25 0
46.25 1
46.25 2
46.25 3
46.25 4
46.25 5
46.25 6
46.25 7
46.25 8
46.25 9
46.25 10
46.25 11
46.25 12
46.25 13
46.25 14
46.25 15
46.25 16
46.25 17
46.25 18
46.25 19
46.25 20
46.25 21
46.2 22
46.2 23
46.2 24
46.2 25
46.2 26
46.2 27
46.2 28
46.2 29
46.2 30
46.2 31
46.2 32
46.2 33
46.2 34
46.2 35
46.2 36
46.2 37
46.2 38
46.2 39
46.2 40
46.2 41
46.2 42
46.2 44
46.2 45
46.2 46
46.2 47
46.2 48
46.2 49
46.2 50
46.2 52
46.2 53
46.2 55
46.2 56
46.15 60
46.15 62
46.15 65
46.15 67
46.15 68
46.15 69
46.15 70
46.15 71
46.15 74
46.15 75
46.15 76
46.15 80
46.15 81
46.15 82
46.15 86
46.15 87
46.15 88
46.1 95
46.1 100
46.1 101
46.1 102
46.1 103
46.1 128
