40.69545 1
40.59507 2
40.59468 3
40.54429 4
40.5939 5
40.59352 6
40.79313 7
40.69274 8
40.59235 9
40.54197 10
40.74158 11
40.59119 12
40.7408 13
40.49042 14
40.54003 15
40.58964 16
40.53926 17
40.58887 18
40.63848 19
40.6381 20
40.63771 21
40.63732 22
40.58694 23
40.68655 24
40.58616 25
40.63578 26
40.58539 27
40.73501 28
40.68462 29
40.63423 30
40.63385 31
40.53346 32
41.03308 33
40.73269 34
40.6823 35
40.68192 36
40.63153 37
40.53115 38
40.68076 39
40.63038 40
40.67999 41
40.77961 42
40.52922 43
40.72884 44
40.87845 45
40.67807 46
40.57768 47
40.6273 48
40.47691 49
40.67653 50
40.62614 51
40.62576 52
40.62537 53
40.57499 54
40.72461 55
41.17422 56
40.57384 57
40.72345 58
40.77307 59
40.82268 60
40.6223 61
40.52192 62
40.67153 63
40.82115 64
40.92076 65
40.82038 66
40.62 67
40.91961 68
40.86923 69
40.56885 70
40.76846 71
40.96808 72
40.6177 73
40.61731 74
40.96693 75
40.71655 76
40.81617 77
40.61578 78
40.5654 79
40.61387 83
40.81349 84
40.61272 86
40.51234 87
40.71196 88
40.66158 89
40.91119 90
40.66081 91
40.66043 92
40.61005 93
40.50967 94
40.65928 95
40.60814 98
40.60738 100
40.60699 101
40.65623 103
40.55585 104
41.00547 105
40.65471 107
40.55433 108
40.55395 109
40.90357 110
40.75318 111
40.7528 112
40.65204 114
40.85166 115
40.85128 116
40.65052 118
40.54976 120
40.99938 121
40.899 122
40.69824 124
40.49786 125
40.69748 126
40.94672 128
40.79634 129
40.94596 130
40.89558 131
40.4452 132
40.74482 133
40.59445 134
40.59407 135
40.79369 136
40.84331 137
40.74293 138
40.74028 145
40.8399 146
40.53839 150
40.78801 151
40.73763 152
40.63612 156
40.63385 162
40.7331 164
40.68197 167
40.53159 168
40.88008 172
40.7297 173
40.7782 177
40.77669 181
40.77406 188
40.92331 190
40.72068 197
40.81731 206
40.56356 216
40.66244 219
