42.79545 1
42.79507 2
42.84468 3
42.79429 4
42.84352 6
42.94313 7
42.84235 9
42.79158 11
42.74119 12
42.8908 13
42.94042 14
42.84003 15
42.83964 16
42.78926 17
43.18887 18
42.68848 19
42.8381 20
42.73771 21
42.83732 22
43.03655 24
42.73616 25
42.98578 26
42.83539 27
43.08501 28
42.83385 31
42.93308 33
43.08269 34
43.0823 35
42.98192 36
42.73153 37
42.63076 39
42.92999 41
42.72845 45
42.72807 46
42.87768 47
42.9773 48
42.82691 49
42.92614 51
42.72576 52
42.82499 54
42.97422 56
43.02384 57
42.72345 58
42.72268 60
43.12192 62
42.72115 64
42.97076 65
42.87 67
42.81693 75
42.86578 78
42.96463 81
42.7131 85
42.86158 89
42.80547 105
