11.25 0
11.25 1
11.25 2
11.25 3
11.25 4
11.25 5
11.25 6
11.25 7
11.25 8
11.25 9
11.25 10
11.25 11
11.25 12
11.25 13
11.25 14
11.25 15
11.25 16
11.25 17
11.25 18
11.25 19
11.25 20
11.25 21
11.2 22
11.2 23
11.2 24
11.2 25
11.2 26
11.2 27
11.2 28
11.2 29
11.2 30
11.2 31
11.2 32
11.2 33
11.2 34
11.2 35
11.2 36
11.2 37
11.2 38
11.2 39
11.2 40
11.2 41
11.2 42
11.2 43
11.2 44
11.2 45
11.2 46
11.2 47
11.2 48
11.2 49
11.2 50
11.2 52
11.2 55
11.2 56
11.2 57
11.15 58
11.15 60
11.15 61
11.15 62
11.15 63
11.15 64
11.15 65
11.15 68
11.15 69
11.15 72
11.15 74
11.15 76
11.15 82
11.15 83
11.15 85
11.15 86
11.15 87
11.15 89
11.15 90
11.15 92
11.05 130
