27.45532 801
28.14545 1
28.19507 2
28.14468 3
28.14429 4
28.1439 5
28.14352 6
28.14313 7
28.14274 8
28.14235 9
28.14197 10
28.14158 11
28.19119 12
28.1908 13
28.14042 14
28.19003 15
28.18964 16
28.18926 17
28.13887 18
28.18848 19
28.1881 20
28.18771 21
28.13732 22
28.18694 23
28.13655 24
28.18616 25
28.18578 26
28.18539 27
28.13501 28
28.13462 29
28.13423 30
28.18385 31
28.18346 32
28.08308 33
28.13269 34
28.1323 35
28.13192 36
28.13153 37
28.13115 38
28.13076 39
28.13038 40
28.12999 41
28.12961 42
28.12922 43
28.12884 44
28.12845 45
28.12807 46
28.12768 47
28.1273 48
28.12691 49
28.12653 50
28.12614 51
28.12576 52
28.12537 53
28.12499 54
28.12461 55
28.12422 56
28.12384 57
28.12345 58
28.12307 59
28.07268 60
28.1223 61
28.12192 62
28.07153 63
28.12115 64
28.12076 65
28.12038 66
28.07 67
28.11961 68
28.11923 69
28.11885 70
28.11846 71
28.11808 72
28.1177 73
28.11731 74
28.11693 75
28.06655 76
28.06617 77
28.06578 78
28.0654 79
28.06502 80
28.11463 81
28.06425 82
28.06387 83
28.11349 84
28.0631 85
28.06272 86
28.11234 87
28.06196 88
28.06158 89
28.06119 90
28.06081 91
28.06043 92
28.06005 93
28.05967 94
28.05928 95
28.0589 96
28.05852 97
28.05814 98
28.05776 99
28.05738 100
28.05699 101
28.05661 102
28.05623 103
28.05585 104
28.10547 105
28.10509 106
28.05471 107
28.05433 108
28.10395 109
28.10357 110
28.05318 111
28.0528 112
28.05242 113
28.05204 114
28.05166 115
28.05128 116
28.0509 117
28.05052 118
28.05014 119
27.99976 120
27.99938 121
27.999 122
27.99862 123
27.99824 124
28.04786 125
27.99748 126
27.9971 127
27.99672 128
28.04634 129
27.99596 130
27.99558 131
27.9952 132
27.99482 133
27.99445 134
27.99407 135
27.99369 136
27.99331 137
28.04293 138
27.99255 139
27.99217 140
27.99179 141
27.99141 142
27.99103 143
27.99066 144
28.04028 145
27.9899 146
28.03952 147
27.98914 148
28.03876 149
27.98839 150
27.98801 151
27.98763 152
27.98725 153
28.03687 154
27.9865 155
28.03612 156
28.03574 157
28.03536 158
28.03498 159
28.03461 160
27.98423 161
27.98385 162
27.98347 163
27.9331 164
27.93272 165
27.93234 166
27.93197 167
28.03159 168
27.98121 169
27.93083 170
27.93046 171
27.98008 172
27.9297 173
27.97933 174
27.92895 175
27.92857 176
27.9282 177
27.97782 178
27.92744 179
27.92707 180
28.02669 181
27.97632 182
27.92594 183
27.92556 184
27.97519 185
27.92481 186
27.97444 187
27.92406 188
27.92368 189
27.97331 190
27.97293 191
27.92256 192
27.92218 193
27.97181 194
27.97143 195
27.97106 196
27.92068 197
27.97031 198
27.96993 199
27.96956 200
27.96918 201
27.96881 202
27.96843 203
27.91806 204
27.96768 205
27.91731 206
27.91693 207
27.91656 208
27.91618 209
27.91581 210
27.91543 211
27.91506 212
27.91468 213
27.96431 214
27.91394 215
27.91356 216
27.91319 217
27.91281 218
27.91244 219
27.91207 220
27.96169 221
27.96132 222
27.91095 223
27.86057 224
27.9102 225
27.90983 226
27.90945 227
27.90908 228
27.90871 229
27.90833 230
27.90796 231
27.90759 232
27.90721 233
27.90684 234
27.90647 235
27.90609 236
27.90572 237
27.90535 238
27.90498 239
27.9046 240
27.90423 241
27.90386 242
27.90349 243
27.90311 244
27.90274 245
27.90237 246
27.902 247
27.90163 248
27.90125 249
27.95088 250
27.90051 251
27.90014 252
27.89977 253
27.84939 254
27.84902 255
27.84865 256
27.89828 257
27.84791 258
27.89754 259
27.84717 260
27.84679 261
27.89642 262
27.84605 263
27.84568 264
27.89531 265
27.84494 266
27.89457 267
27.8442 268
27.89383 269
27.89346 270
27.84309 271
27.89271 272
27.84234 273
27.89197 274
27.8416 275
27.84123 276
27.84086 277
27.89049 278
27.84012 279
27.83975 280
27.83938 281
27.83901 282
27.88864 283
27.88827 284
27.8379 285
27.83753 286
27.83716 287
27.88679 288
27.88642 289
27.88605 290
27.83569 291
27.83532 292
27.78495 293
27.88458 294
27.83421 295
27.88384 296
27.88347 297
27.8331 298
27.78273 299
27.73236 300
27.83199 301
27.78163 302
27.78126 303
27.83089 304
27.78052 305
27.78015 306
27.77978 307
27.77941 308
27.82905 309
27.82868 310
27.82831 311
27.82794 312
27.82757 313
27.82721 314
27.77684 315
27.77647 316
27.8261 317
27.82573 318
27.82537 319
27.775 320
27.82463 321
27.82426 322
27.8239 323
27.77353 324
27.77316 325
27.77279 326
27.82243 327
27.77206 328
27.87169 329
27.77133 330
27.82096 331
27.82059 332
27.82023 333
27.86986 334
27.81949 335
27.76913 336
27.81876 337
27.76839 338
27.86803 339
27.76766 340
27.76729 341
27.76693 342
27.76656 343
27.81619 344
27.76583 345
27.76546 346
27.7651 347
27.76473 348
27.76436 349
27.764 350
27.81363 351
27.76327 352
27.7629 353
27.76254 354
27.76217 355
27.76181 356
27.76144 357
27.81107 358
27.81071 359
27.81034 360
27.75998 361
27.90961 362
27.75925 363
27.75888 364
27.80852 365
27.75815 366
27.80779 367
27.75742 368
27.75706 369
27.7567 370
27.80633 371
27.75597 372
27.7556 373
27.75524 374
27.80487 375
27.80451 376
27.75415 377
27.75378 378
27.80342 379
27.80305 380
27.75269 381
27.75233 382
27.75196 383
27.7516 384
27.75123 385
27.80087 386
27.80051 387
27.75014 388
27.69978 389
27.74942 390
27.69905 391
27.69869 392
27.74833 393
27.69796 394
27.6976 395
27.69724 396
27.69687 397
27.79651 398
27.69615 399
27.74579 400
27.69542 401
27.74506 402
27.6947 403
27.69434 404
27.74397 405
27.69361 406
27.69325 407
27.69289 408
27.69252 409
27.74216 410
27.7418 411
27.69144 412
27.69107 413
27.79071 414
27.69035 415
27.63999 416
27.73963 417
27.68927 418
27.6889 419
27.68854 420
27.68818 421
27.68782 422
27.73746 423
27.6871 424
27.68674 425
27.73637 426
27.68601 427
27.63565 428
27.68529 429
27.73493 430
27.78457 431
27.68421 432
27.73385 433
27.68349 434
27.73313 435
27.78277 436
27.7324 437
27.63204 438
27.68168 439
27.68132 440
27.68096 441
27.6806 442
27.68024 443
27.72988 444
27.67952 445
27.67916 446
27.6788 447
27.67844 448
27.67808 449
27.67772 450
27.62736 451
27.727 452
27.72664 453
27.72628 454
27.67592 455
27.67556 456
27.67521 457
27.67485 458
27.67449 459
27.67413 460
27.67377 461
27.67341 462
27.67305 463
27.67269 464
27.67233 465
27.62197 466
27.62161 467
27.67126 468
27.6709 469
27.67054 470
27.67018 471
27.66982 472
27.71946 473
27.6691 474
27.71875 475
27.66839 476
27.71803 477
27.66767 478
27.66731 479
27.66696 480
27.6166 481
27.61624 482
27.61588 483
27.66552 484
27.66517 485
27.61481 486
27.56445 487
27.61409 488
27.56374 489
27.66338 490
27.61302 491
27.66266 492
27.61231 493
27.66195 494
27.71159 495
27.61123 496
27.61088 497
27.61052 498
27.66016 499
27.60981 500
27.55945 501
27.65909 502
27.65874 503
27.65838 504
27.60802 505
27.60767 506
27.60731 507
27.65695 508
27.6066 509
27.65624 510
27.60589 511
27.60553 512
27.65517 513
27.70482 514
27.60446 515
27.5541 516
27.60375 517
27.65339 518
27.60304 519
27.60268 520
27.60233 521
27.75197 522
27.65161 523
27.60126 524
27.6509 525
27.55055 526
27.60019 527
27.59984 528
27.54948 529
27.59913 530
27.54877 531
27.59842 532
27.54806 533
27.59771 534
27.59735 535
27.497 536
27.64664 537
27.54629 538
27.54593 539
27.59558 540
27.59523 541
27.59487 542
27.54452 543
27.54416 544
27.54381 545
27.64345 546
27.6431 547
27.54275 548
27.59239 549
27.64204 550
27.64168 551
27.59133 552
27.59098 553
27.59062 554
27.59027 555
27.58991 556
27.58956 557
27.58921 558
27.58885 559
27.5885 560
27.58815 561
27.58779 562
27.58744 563
27.58709 564
27.58673 565
27.63638 566
27.63603 567
27.58568 568
27.63532 569
27.63497 570
27.68462 571
27.58426 572
27.53391 573
27.53356 574
27.48321 575
27.53285 576
27.6325 577
27.53215 578
27.5318 579
27.53144 580
27.53109 581
27.53074 582
27.53039 583
27.53004 584
27.57968 585
27.52933 586
27.67898 587
27.52863 588
27.47828 589
27.52793 590
27.57757 591
27.57722 592
27.52687 593
27.57652 594
27.57617 595
27.52582 596
27.57547 597
27.57511 598
27.57476 599
27.52441 600
27.52406 601
27.52371 602
27.57336 603
27.57301 604
27.57266 605
27.52231 606
27.52196 607
27.57161 608
27.52125 609
27.5709 610
27.47055 611
27.6202 612
27.61985 613
27.5695 614
27.61915 615
27.5188 616
27.61845 617
27.7181 618
27.51775 619
27.5674 620
27.56705 621
27.5667 622
27.46635 623
27.666 624
27.51565 625
27.4653 626
27.46495 627
27.5646 628
27.51425 629
27.56391 630
27.51356 631
27.51321 632
27.46286 633
27.46251 634
27.46216 635
27.46181 636
27.51146 637
27.46111 638
27.56076 639
27.51041 640
27.51007 641
27.50972 642
27.45937 643
27.55902 644
27.45867 645
27.45832 646
27.50797 647
27.45763 648
27.45728 649
27.45693 650
27.55658 651
27.45623 652
27.50588 653
27.55554 654
27.45519 655
27.55484 656
27.50449 657
27.55415 658
27.5538 659
27.50345 660
27.6031 661
27.45275 662
27.55241 663
27.65206 664
27.55171 665
27.65136 666
27.70102 667
27.55067 668
27.50032 669
27.49998 670
27.49963 671
27.39928 672
27.44893 673
27.49859 674
27.59824 675
27.54789 676
27.64755 677
27.5472 678
27.49685 679
27.54651 680
27.49616 681
27.49581 682
27.54547 683
27.54512 684
27.54478 685
27.39443 686
27.49408 687
27.39374 688
27.49339 689
27.54304 690
27.4427 691
27.54235 692
27.49201 693
27.49166 694
27.49132 695
27.49097 696
27.44062 697
27.59028 698
27.53993 699
27.53959 700
27.48924 701
27.4389 702
27.48855 703
27.43821 704
27.53786 705
27.58752 706
27.48717 707
27.43683 708
27.48648 709
27.48614 710
27.58579 711
27.58545 712
27.5351 713
27.53476 714
27.53441 715
27.43407 716
27.43372 717
27.48338 718
27.48303 719
27.38269 720
27.43235 721
27.682 722
27.38166 723
27.33131 724
27.53097 725
27.53062 726
27.43028 727
27.42994 728
27.47959 729
27.47925 730
27.42891 731
27.42856 732
27.67822 733
27.92787 734
27.42753 735
27.77719 736
27.52684 737
27.4265 738
27.62616 739
27.42581 740
27.42547 741
27.52513 742
27.42478 743
27.57444 744
27.4741 745
27.47376 746
27.42341 747
27.37307 748
27.42273 749
27.42238 750
27.47204 751
27.4717 752
27.47136 753
27.42101 754
27.37067 755
27.47033 756
27.46999 757
27.41964 758
27.4693 759
27.36896 760
27.51862 761
27.36828 762
27.56793 763
27.46759 764
27.41725 765
27.51691 766
27.36657 767
27.31623 768
27.36588 769
27.46554 770
27.4152 771
27.56486 772
27.41452 773
27.36418 774
27.51383 775
27.36349 776
27.36315 777
27.41281 778
27.36213 780
27.41179 781
27.51145 782
27.56111 783
27.66077 784
27.36042 785
27.46008 786
27.40974 787
27.4094 788
27.40906 789
27.75872 790
27.40838 791
27.40804 792
27.5577 793
27.65736 794
27.40702 795
27.45668 796
27.50634 797
27.656 798
27.40566 799
27.65532 800
