13.75 0
13.75 1
13.75 2
13.75 3
13.75 4
13.75 5
13.75 6
13.75 7
13.75 8
13.75 9
13.75 10
13.75 11
13.75 12
13.75 13
13.75 14
13.75 15
13.75 16
13.75 17
13.75 18
13.75 19
13.75 20
13.75 21
13.7 22
13.7 23
13.7 24
13.7 25
13.7 26
13.7 27
13.7 29
13.7 30
13.7 31
13.7 32
13.7 33
13.7 34
13.7 35
13.7 36
13.7 37
13.7 38
13.7 39
13.7 42
13.7 44
13.7 45
13.7 46
13.7 47
13.7 48
13.7 49
13.7 50
13.7 51
13.7 52
13.7 53
13.7 54
13.7 55
13.7 56
13.7 57
13.65 58
13.65 59
13.65 60
13.65 61
13.65 62
13.65 63
13.65 64
13.65 65
13.65 66
13.65 68
13.65 70
13.65 71
13.65 74
13.65 78
13.65 80
13.65 81
13.65 82
13.65 83
13.65 85
13.65 89
13.6 94
13.6 96
13.6 100
13.6 105
13.6 106
13.6 107
13.6 118
