55.79545 1
55.54507 2
55.79468 3
55.54429 4
55.5439 5
55.64352 6
55.74313 7
55.69274 8
55.54235 9
55.59197 10
55.54158 11
55.79119 12
55.7908 13
55.59042 14
55.54003 15
55.63964 16
55.63926 17
55.63887 18
55.63848 19
55.6381 20
55.78771 21
55.53732 22
55.78694 23
55.58655 24
55.68616 25
55.58578 26
55.68539 27
55.58501 28
55.73462 29
55.63423 30
55.63385 31
55.58346 32
55.58269 34
55.5323 35
55.83192 36
55.53153 37
55.58115 38
55.63076 39
56.03038 40
55.62999 41
55.67961 42
55.52922 43
55.67884 44
55.52845 45
55.52807 46
55.52768 47
55.5773 48
55.57691 49
55.67653 50
55.67614 51
55.67576 52
55.77537 53
55.62499 54
55.57461 55
55.57422 56
55.52384 57
55.77345 58
55.62307 59
55.72268 60
55.8223 61
55.62192 62
55.72153 63
55.77115 64
55.67076 65
55.62038 66
55.67 67
55.56961 68
55.71923 69
55.66885 70
55.76808 72
55.6677 73
55.81731 74
55.61655 76
55.56617 77
55.7654 79
55.81463 81
55.66425 82
55.56387 83
55.56349 84
55.7131 85
55.76234 87
55.56196 88
55.66158 89
55.61119 90
55.61081 91
55.51043 92
55.76005 93
55.75928 95
55.8089 96
55.70852 97
55.60814 98
55.90776 99
56.00738 100
55.55699 101
55.65661 102
55.60585 104
55.65547 105
55.95509 106
55.95471 107
55.70395 109
55.85242 113
55.70204 114
55.60166 115
55.70128 116
55.649 122
55.59824 124
55.64786 125
55.79748 126
55.74672 128
55.64634 129
55.99558 131
55.79445 134
55.74331 137
55.74179 141
55.54066 144
55.79028 145
55.68914 148
55.78876 149
55.58763 152
55.58725 153
55.73687 154
55.78536 158
55.93498 159
55.48234 166
55.78083 170
55.7297 173
