28.34545 1
28.34507 2
28.34468 3
28.34429 4
28.3439 5
28.34352 6
28.34313 7
28.34274 8
28.34235 9
28.34197 10
28.39158 11
28.34119 12
28.3408 13
28.34042 14
28.34003 15
28.38964 16
28.28926 17
28.33887 18
28.33848 19
28.3381 20
28.33771 21
28.33732 22
28.33694 23
28.43655 24
28.33616 25
28.33578 26
28.33539 27
28.43501 28
28.43462 29
28.38423 30
28.33385 31
28.38346 32
28.33308 33
28.28269 34
28.3323 35
28.28192 36
28.33153 37
28.33115 38
28.28076 39
28.28038 40
28.32999 41
28.32961 42
28.27922 43
28.32884 44
28.27845 45
28.27807 46
28.27768 47
28.2773 48
28.32691 49
28.27653 50
28.27614 51
28.27576 52
28.27537 53
28.27499 54
28.27461 55
28.27422 56
28.27384 57
28.32345 58
28.32307 59
28.27268 60
28.2723 61
28.32192 62
28.27153 63
28.27115 64
28.32076 65
28.37038 66
28.32 67
28.36961 68
28.26923 69
28.26885 70
28.26846 71
28.26808 72
28.2677 73
28.36731 74
28.36693 75
28.21655 76
28.21617 77
28.26578 78
28.2654 79
28.21502 80
28.21463 81
28.21425 82
28.21387 83
28.36349 84
28.3131 85
28.26272 86
28.26234 87
28.21196 88
28.21158 89
28.26119 90
28.26081 91
28.26043 92
28.26005 93
28.25967 94
28.30928 95
28.2589 96
28.25852 97
28.25814 98
28.30776 99
28.20738 100
28.25699 101
28.30661 102
28.20623 103
28.25585 104
28.25547 105
28.25509 106
28.30471 107
28.30433 108
28.30395 109
28.30357 110
28.25318 111
28.2528 112
28.25242 113
28.30204 114
28.30166 115
28.25128 116
28.2509 117
28.25052 118
28.30014 119
28.19976 120
28.19938 121
28.199 122
28.19862 123
28.19824 124
28.19786 125
28.19748 126
28.3471 127
28.24672 128
28.19634 129
28.19596 130
28.24558 131
28.2452 132
28.19482 133
28.19445 134
28.19407 135
28.34369 136
28.19331 137
28.19293 138
28.24255 139
28.19217 140
28.24179 141
28.19141 142
28.19103 143
28.24066 144
28.29028 145
28.1899 146
28.33952 147
28.23914 148
28.23876 149
28.23839 150
28.28801 151
28.28763 152
28.23725 153
28.23687 154
28.1865 155
28.18612 156
28.18574 157
28.18536 158
28.38498 159
28.18461 160
28.23423 161
28.23385 162
28.23347 163
28.1831 164
28.18272 165
28.28234 166
28.23197 167
28.13159 168
28.18121 169
28.13083 170
28.23046 171
28.18008 172
28.1797 173
28.22933 174
28.22895 175
28.12857 176
28.1282 177
28.17782 178
28.27744 179
28.17707 180
28.17669 181
28.12632 182
28.22594 183
28.17556 184
28.27519 185
28.22481 186
28.27444 187
28.22406 188
28.22368 189
28.17331 190
28.32293 191
28.22256 192
28.22218 193
28.22181 194
28.22143 195
28.12106 196
28.22068 197
28.32031 198
28.26993 199
28.16956 200
28.11918 201
28.21881 202
28.36843 203
28.21806 204
28.26768 205
28.16731 206
28.21693 207
28.26656 208
28.21618 209
28.11581 210
28.16543 211
28.16506 212
28.16468 213
28.11431 214
28.21394 215
28.21356 216
28.11319 217
28.26281 218
28.16244 219
28.11207 220
28.26169 221
28.21132 222
28.21095 223
28.11057 224
28.1102 225
28.15983 226
28.20945 227
28.15908 228
28.15871 229
28.20833 230
28.15796 231
28.20759 232
28.20721 233
28.15684 234
28.05647 235
28.15609 236
28.15572 237
28.15535 238
28.10498 239
28.3046 240
28.15423 241
28.15386 242
28.05349 243
28.20311 244
28.20274 245
28.15237 246
28.152 247
28.25163 248
28.25125 249
28.15088 250
28.15051 251
28.15014 252
28.14977 253
28.09939 254
28.04902 255
28.14865 256
28.14828 257
28.09791 258
28.24754 259
28.14717 260
28.09679 261
28.14642 262
28.14605 263
28.14568 264
28.24531 265
28.14494 266
28.09457 267
28.0442 268
28.09383 269
28.09346 270
28.14309 271
28.29271 272
28.14234 273
28.14197 274
28.2416 275
28.14123 276
28.29086 277
28.14049 278
28.04012 279
28.13975 280
28.13938 281
28.53901 282
28.13864 283
28.18827 284
28.1879 285
28.23753 286
28.23716 287
28.18679 288
28.08642 289
28.28605 290
28.18569 291
28.33532 292
28.23495 293
28.08458 294
28.13421 295
28.23384 296
28.33347 297
28.1831 298
28.08273 299
28.13236 300
28.13199 301
28.03163 302
28.18126 303
28.13089 304
28.23052 305
28.08015 306
28.02978 307
28.22941 308
28.12905 309
28.07868 310
28.17831 311
28.22794 312
28.12757 313
28.22721 314
28.02684 315
28.12647 316
28.1261 317
28.12573 318
28.22537 319
28.075 320
28.17463 321
28.17426 322
28.1739 323
28.12353 324
28.22316 325
28.22279 326
28.32243 327
28.22206 328
28.12169 329
28.12133 330
28.07096 331
28.12059 332
28.12023 333
28.21986 334
28.11949 335
28.16913 336
28.06876 337
28.11839 338
28.26803 339
28.16766 340
28.11729 341
28.26693 342
28.46656 343
28.06619 344
28.01583 345
28.01546 346
28.3151 347
28.01473 348
28.16436 349
28.014 350
28.11363 351
28.06327 352
28.5629 353
28.06254 354
28.31217 355
28.01181 356
28.26144 357
28.16107 358
28.11071 359
28.16034 360
28.10998 361
28.00961 362
28.15925 363
28.15888 364
28.20852 365
28.10815 366
28.15779 367
28.20742 368
28.10706 369
28.5567 370
28.15633 371
28.05597 372
28.20524 374
28.30451 376
28.05415 377
28.05378 378
28.45342 379
28.15269 381
28.05233 382
28.10196 383
28.1016 384
28.20123 385
28.20087 386
28.15051 387
28.20014 388
28.04978 389
28.09942 390
28.14905 391
28.34869 392
28.29833 393
28.19796 394
28.0976 395
28.19687 397
28.24615 399
28.24579 400
28.3447 403
28.04361 406
28.09325 407
28.14289 408
28.14252 409
28.49216 410
28.24144 412
28.29035 415
28.08963 417
28.43854 420
28.23818 421
28.03782 422
28.3371 424
28.18674 425
28.18637 426
28.43529 429
28.38457 431
28.48349 434
28.08313 435
28.08277 436
28.0824 437
28.08132 440
28.18096 441
28.1306 442
28.33024 443
28.22988 444
28.1788 447
28.07844 448
28.32808 449
28.27736 451
28.227 452
28.17664 453
28.22521 457
28.22449 459
28.17413 460
28.12197 466
28.31803 477
28.2666 481
28.16552 484
