4 851
3.99511 852
3.99023 853
3.98536 854
3.9805 855
3.97566 856
3.97083 857
3.96601 858
3.9612 859
3.9564 860
3.95161 861
3.94684 862
3.94208 863
3.93732 864
3.93258 865
3.92786 866
3.92314 867
3.91843 868
3.91374 869
3.90905 870
3.90438 871
3.89972 872
3.89507 873
3.89043 874
3.8858 875
3.88119 876
3.87658 877
3.87199 878
3.8674 879
3.86283 880
3.85827 881
3.85372 882
3.84918 883
3.84464 884
3.84013 885
3.83562 886
3.83112 887
3.82663 888
3.82215 889
3.81769 890
3.81323 891
3.80878 892
3.80435 893
3.79992 894
3.79551 895
3.7911 896
3.78671 897
3.78232 898
3.77795 899
3.77358 900
4.25532 801
4.24978 802
4.24426 803
4.23875 804
4.23326 805
4.22778 806
4.22232 807
4.21687 808
4.21143 809
4.20601 810
4.2006 811
4.19521 812
4.18982 813
4.18446 814
4.1791 815
4.17376 816
4.16844 817
4.16313 818
4.15783 819
4.15254 820
4.14727 821
4.14201 822
4.13677 823
4.13153 824
4.12632 825
4.12111 826
4.11592 827
4.11074 828
4.10557 829
4.10042 830
4.09528 831
4.09015 832
4.08504 833
4.07993 834
4.07484 835
4.06977 836
4.0647 837
4.05965 838
4.05461 839
4.04959 840
4.04457 841
4.03957 842
4.03458 843
4.02961 844
4.02464 845
4.01969 846
4.01475 847
4.00982 848
4.0049 849
4 850
27.79545 1
27.79507 2
27.84468 3
27.84429 4
27.7939 5
27.84352 6
27.79313 7
27.84274 8
27.84235 9
27.84197 10
27.79158 11
27.84119 12
27.8408 13
27.84042 14
27.84003 15
27.78964 16
27.83926 17
27.83887 18
27.78848 19
27.7881 20
27.83771 21
27.78732 22
27.83694 23
27.83655 24
27.83616 25
27.83578 26
27.83539 27
27.83501 28
27.83462 29
27.83423 30
27.83385 31
27.83346 32
27.78308 33
27.78269 34
27.7823 35
27.78192 36
27.78153 37
27.78115 38
27.78076 39
27.78038 40
27.77999 41
27.77961 42
27.77922 43
27.77884 44
27.77845 45
27.72807 46
27.77768 47
27.7773 48
27.77691 49
27.77653 50
27.77614 51
27.77576 52
27.77537 53
27.77499 54
27.77461 55
27.77422 56
27.77384 57
27.77345 58
27.77307 59
27.77268 60
27.7723 61
27.77192 62
27.77153 63
27.77115 64
27.77076 65
27.77038 66
27.77 67
27.76961 68
27.76923 69
27.76885 70
27.76846 71
27.76808 72
27.7677 73
27.76731 74
27.76693 75
27.71655 76
27.71617 77
27.71578 78
27.7154 79
27.71502 80
27.71463 81
27.71425 82
27.71387 83
27.71349 84
27.7131 85
27.71272 86
27.71234 87
27.71196 88
27.71158 89
27.71119 90
27.71081 91
27.71043 92
27.71005 93
27.70967 94
27.70928 95
27.7089 96
27.70852 97
27.70814 98
27.70776 99
27.70738 100
27.70699 101
27.70661 102
27.70623 103
27.70585 104
27.70547 105
27.70509 106
27.70471 107
27.70433 108
27.70395 109
27.70357 110
27.70318 111
27.7028 112
27.70242 113
27.70204 114
27.70166 115
27.70128 116
27.7009 117
27.70052 118
27.70014 119
27.64976 120
27.64938 121
27.649 122
27.64862 123
27.64824 124
27.64786 125
27.64748 126
27.6471 127
27.64672 128
27.64634 129
27.64596 130
27.64558 131
27.6452 132
27.64482 133
27.64445 134
27.64407 135
27.64369 136
27.64331 137
27.64293 138
27.64255 139
27.64217 140
27.64179 141
27.64141 142
27.64103 143
27.64066 144
27.64028 145
27.6399 146
27.63952 147
27.63914 148
27.63876 149
27.63839 150
27.63801 151
27.63763 152
27.63725 153
27.63687 154
27.6365 155
27.63612 156
27.63574 157
27.63536 158
27.63498 159
27.63461 160
27.63423 161
27.63385 162
27.63347 163
27.5831 164
27.58272 165
27.58234 166
27.58197 167
27.58159 168
27.58121 169
27.58083 170
27.58046 171
27.58008 172
27.5797 173
27.57933 174
27.57895 175
27.57857 176
27.5782 177
27.57782 178
27.57744 179
27.57707 180
27.57669 181
27.57632 182
27.57594 183
27.57556 184
27.57519 185
27.57481 186
27.57444 187
27.57406 188
27.57368 189
27.57331 190
27.57293 191
27.57256 192
27.57218 193
27.57181 194
27.57143 195
27.57106 196
27.57068 197
27.57031 198
27.56993 199
27.56956 200
27.56918 201
27.56881 202
27.56843 203
27.56806 204
27.56768 205
27.56731 206
27.56693 207
27.51656 208
27.51618 209
27.51581 210
27.51543 211
27.51506 212
27.51468 213
27.51431 214
27.51394 215
27.51356 216
27.51319 217
27.51281 218
27.51244 219
27.51207 220
27.51169 221
27.51132 222
27.51095 223
27.51057 224
27.5102 225
27.50983 226
27.50945 227
27.50908 228
27.50871 229
27.50833 230
27.50796 231
27.50759 232
27.50721 233
27.50684 234
27.50647 235
27.50609 236
27.50572 237
27.50535 238
27.50498 239
27.5046 240
27.50423 241
27.50386 242
27.50349 243
27.50311 244
27.50274 245
27.50237 246
27.502 247
27.50163 248
27.50125 249
27.50088 250
27.50051 251
27.50014 252
27.44977 253
27.44939 254
27.44902 255
27.44865 256
27.44828 257
27.44791 258
27.44754 259
27.44717 260
27.44679 261
27.44642 262
27.44605 263
27.44568 264
27.44531 265
27.44494 266
27.44457 267
27.4442 268
27.44383 269
27.44346 270
27.44309 271
27.44271 272
27.44234 273
27.44197 274
27.4416 275
27.44123 276
27.44086 277
27.44049 278
27.44012 279
27.43975 280
27.43938 281
27.43901 282
27.43864 283
27.43827 284
27.4379 285
27.43753 286
27.43716 287
27.43679 288
27.43642 289
27.43605 290
27.43569 291
27.43532 292
27.43495 293
27.43458 294
27.43421 295
27.43384 296
27.43347 297
27.3831 298
27.38273 299
27.38236 300
27.38199 301
4.43163 302
27.38126 303
27.38089 304
27.38052 305
27.38015 306
27.37978 307
27.37941 308
27.37905 309
27.37868 310
27.37831 311
27.37794 312
27.37757 313
27.37721 314
27.37684 315
27.37647 316
27.3761 317
27.37573 318
27.37537 319
27.375 320
27.37463 321
27.37426 322
27.3739 323
27.37353 324
27.37316 325
27.37279 326
27.37243 327
27.37206 328
27.37169 329
27.37133 330
27.37096 331
27.37059 332
27.37023 333
27.41986 334
27.36949 335
27.36913 336
27.36876 337
27.36839 338
27.36803 339
27.36766 340
27.36729 341
27.36693 342
27.31656 343
27.31619 344
27.31583 345
27.31546 346
27.3151 347
27.31473 348
27.31436 349
27.314 350
27.31363 351
27.31327 352
27.3129 353
27.31254 354
27.31217 355
27.31181 356
27.31144 357
27.31107 358
27.31071 359
27.31034 360
27.30998 361
27.30961 362
27.30925 363
27.30888 364
27.30852 365
27.30815 366
27.30779 367
27.35742 368
27.30706 369
27.3067 370
27.35633 371
27.30597 372
27.3056 373
27.30524 374
27.30487 375
27.30451 376
27.30415 377
27.30378 378
27.30342 379
27.30305 380
27.30269 381
27.30233 382
27.30196 383
27.3016 384
27.30123 385
27.30087 386
27.30051 387
27.35014 388
27.24978 389
27.24942 390
27.24905 391
27.24869 392
27.24833 393
27.29796 394
27.2476 395
27.29724 396
27.24687 397
27.29651 398
27.24615 399
27.29579 400
27.24542 401
27.24506 402
27.2947 403
27.24434 404
27.24397 405
27.24361 406
27.24325 407
27.29289 408
27.24252 409
27.24216 410
27.2418 411
27.24144 412
27.24107 413
27.29071 414
27.24035 415
27.23999 416
27.23963 417
27.23927 418
27.2889 419
27.23854 420
27.23818 421
27.23782 422
27.23746 423
27.2371 424
27.23674 425
27.23637 426
27.23601 427
27.28565 428
27.23529 429
27.23493 430
27.28457 431
27.23421 432
27.23385 433
27.23349 434
27.18313 435
27.18277 436
27.1824 437
27.23204 438
27.23168 439
27.23132 440
27.23096 441
27.1806 442
27.18024 443
27.17988 444
27.17952 445
27.22916 446
27.2288 447
27.17844 448
27.22808 449
27.17772 450
27.17736 451
27.177 452
27.22664 453
27.22628 454
27.17592 455
27.22556 456
27.22521 457
27.22485 458
27.22449 459
27.22413 460
27.22377 461
4.37341 462
27.22305 463
27.22269 464
27.17233 465
27.22197 466
27.17161 467
27.22126 468
4.3709 469
27.17054 470
27.17018 471
27.16982 472
27.16946 473
27.2191 474
27.21875 475
4.36839 476
27.21803 477
27.21767 478
27.16731 479
27.21696 480
27.1166 481
27.16624 482
27.16588 483
27.16552 484
27.11517 485
27.16481 486
4.36445 487
27.16409 488
27.11374 489
27.11338 490
27.11302 491
27.16266 492
27.16231 493
27.11195 494
4.36159 495
27.16123 496
27.16088 497
27.16052 498
27.11016 499
27.15981 500
27.15945 501
27.10909 502
27.15874 503
27.10838 504
4.35802 505
4.35767 506
27.10731 507
27.10695 508
4.3566 509
27.15624 510
27.10589 511
27.10553 512
4.35517 513
27.10482 514
4.35446 515
27.1541 516
27.15375 517
27.15339 518
4.35304 519
27.10268 520
4.35233 521
27.10197 522
27.15161 523
27.15126 524
27.1009 525
27.15055 526
27.15019 527
4.34984 528
27.09948 529
27.09913 530
27.09877 531
4.34842 532
27.09806 533
27.09771 534
27.09735 535
27.097 536
4.34664 537
27.04629 538
4.34593 539
27.09558 540
27.04523 541
4.34487 542
27.09452 543
4.34416 544
27.09381 545
27.09345 546
27.0931 547
4.34275 548
27.09239 549
27.09204 550
4.34168 551
4.34133 552
27.09098 553
27.09062 554
27.09027 555
4.33991 556
27.08956 557
27.08921 558
4.33885 559
27.0885 560
4.33815 561
27.08779 562
27.08744 563
27.08709 564
27.08673 565
4.33638 566
4.33603 567
27.08568 568
27.08532 569
4.33497 570
4.33462 571
4.33426 572
4.33391 573
27.08356 574
27.03321 575
27.03285 576
27.0325 577
4.33215 578
27.0318 579
4.33144 580
27.03109 581
27.03074 582
4.33039 583
4.33004 584
4.32968 585
4.32933 586
27.02898 587
27.02863 588
27.02828 589
27.02793 590
27.02757 591
4.32722 592
4.32687 593
27.02652 594
4.32617 595
27.02582 596
4.32547 597
27.02511 598
26.97476 599
4.32441 600
4.32406 601
4.32371 602
4.32336 603
27.02301 604
27.02266 605
4.32231 606
4.32196 607
4.32161 608
4.32125 609
4.3209 610
27.02055 611
4.3202 612
27.01985 613
27.0195 614
27.01915 615
4.3188 616
4.31845 617
4.3181 618
4.31775 619
27.0174 620
27.01705 621
27.0167 622
4.31635 623
4.316 624
4.31565 625
26.9653 626
4.31495 627
26.9646 628
4.31425 629
4.31391 630
26.96356 631
4.31321 632
4.31286 633
4.31251 634
4.31216 635
4.31181 636
4.31146 637
26.96111 638
4.31076 639
4.31041 640
4.31007 641
4.30972 642
4.30937 643
4.30902 644
26.95867 645
4.30832 646
4.30797 647
4.30763 648
4.30728 649
4.30693 650
26.95658 651
4.30623 652
26.95588 653
26.95554 654
26.95519 655
4.30484 656
26.95449 657
26.95415 658
4.3038 659
4.30345 660
4.3031 661
4.30275 662
4.30241 663
4.30206 664
26.95171 665
4.30136 666
4.30102 667
4.30067 668
26.95032 669
26.89998 670
4.29963 671
4.29928 672
4.29893 673
4.29859 674
4.29824 675
4.29789 676
4.29755 677
4.2972 678
4.29685 679
26.89651 680
4.29616 681
4.29581 682
4.29547 683
26.89512 684
26.89478 685
4.29443 686
4.29408 687
4.29374 688
4.29339 689
4.29304 690
4.2927 691
4.29235 692
26.89201 693
4.29166 694
4.29132 695
4.29097 696
26.89062 697
26.89028 698
26.88993 699
4.28959 700
4.28924 701
26.8889 702
4.28855 703
4.28821 704
4.28786 705
4.28752 706
4.28717 707
4.28683 708
4.28648 709
4.28614 710
4.28579 711
4.28545 712
26.8851 713
4.28476 714
4.28441 715
4.28407 716
4.28372 717
4.28338 718
4.28303 719
4.28269 720
4.28235 721
4.282 722
4.28166 723
4.28131 724
4.28097 725
4.28062 726
4.28028 727
4.27994 728
4.27959 729
4.27925 730
4.27891 731
4.27856 732
4.27822 733
4.27787 734
4.27753 735
4.27719 736
4.27684 737
4.2765 738
4.27616 739
4.27581 740
4.27547 741
4.27513 742
4.27478 743
4.27444 744
4.2741 745
4.27376 746
4.27341 747
4.27307 748
4.27273 749
26.82238 750
4.27204 751
4.2717 752
4.27136 753
4.27101 754
4.27067 755
4.27033 756
4.26999 757
4.26964 758
4.2693 759
4.26896 760
4.26862 761
4.26828 762
4.26793 763
4.26759 764
4.26725 765
4.26691 766
4.26657 767
4.26623 768
4.26588 769
4.26554 770
4.2652 771
4.26486 772
4.26452 773
4.26418 774
4.26383 775
4.26349 776
4.26315 777
4.26281 778
4.26247 779
4.26213 780
4.26179 781
4.26145 782
4.26111 783
4.26077 784
4.26042 785
4.26008 786
4.25974 787
4.2594 788
4.25906 789
4.25872 790
4.25838 791
4.25804 792
4.2577 793
4.25736 794
4.25702 795
4.25668 796
4.25634 797
4.256 798
4.25566 799
4.25532 800
