48.64545 1
48.64507 2
48.64468 3
48.79429 4
48.7939 5
48.64352 6
48.69313 7
48.64274 8
48.94235 9
48.64197 10
48.74158 11
48.79119 12
48.9408 13
48.79042 14
49.04003 15
48.73964 16
48.63926 17
48.73887 18
48.98848 19
48.6881 20
48.88771 21
48.53732 22
48.63694 23
48.73655 24
48.63616 25
48.78578 26
48.73539 27
48.73501 28
48.88462 29
48.53423 30
48.68385 31
48.58346 32
48.98308 33
48.63269 34
48.8323 35
48.58192 36
48.53153 37
48.58076 39
48.73038 40
48.62999 41
48.77961 42
48.62922 43
48.77884 44
48.97845 45
48.57807 46
48.62768 47
48.7773 48
49.02691 49
48.77653 50
48.72576 52
48.57537 53
48.67499 54
48.67461 55
48.52422 56
48.67384 57
48.82345 58
48.77268 60
48.7223 61
48.77192 62
48.52153 63
48.72115 64
48.82076 65
48.57038 66
48.62 67
48.66961 68
48.66846 71
48.66808 72
48.6177 73
48.61731 74
48.96693 75
48.81617 77
48.91578 78
48.6654 79
48.76502 80
48.66463 81
48.71425 82
48.81387 83
48.86349 84
48.6631 85
48.71272 86
48.76234 87
48.81196 88
48.61158 89
48.51119 90
49.01043 92
48.51005 93
48.70967 94
48.80928 95
48.6089 96
48.70852 97
48.65814 98
48.85738 100
49.00699 101
48.75661 102
48.95623 103
48.80585 104
48.70547 105
49.00433 108
48.85395 109
48.70357 110
48.65204 114
48.55166 115
48.75128 116
48.7509 117
48.94976 120
48.69862 123
48.74824 124
48.6471 127
48.6452 132
48.84369 136
48.84179 141
48.73876 149
48.98839 150
48.82669 181
48.67444 187
48.77368 189
