28.54545 1
28.64507 2
28.54468 3
28.54429 4
28.5439 5
28.59352 6
28.54313 7
28.54274 8
28.54235 9
28.54197 10
28.49158 11
28.54119 12
28.4908 13
28.54042 14
28.54003 15
28.58964 16
28.58926 17
28.48887 18
28.53848 19
28.5381 20
28.53771 21
28.53732 22
28.58694 23
28.63655 24
28.48616 25
28.43578 26
28.63539 27
28.48501 28
28.58462 29
28.53423 30
28.48385 31
28.58346 32
28.63308 33
28.43269 34
28.5823 35
28.58192 36
28.53153 37
28.48115 38
28.53076 39
28.48038 40
28.52999 41
28.47961 42
28.57922 43
28.52884 44
28.52845 45
28.42807 46
28.62768 47
28.7273 48
28.57691 49
28.42653 50
28.47614 51
28.52576 52
28.47537 53
28.57499 54
28.62461 55
28.52422 56
28.57384 57
28.72345 58
28.42307 59
28.42268 60
28.5223 61
28.52192 62
28.57153 63
28.67115 64
28.57076 65
28.52038 66
28.52 67
28.51961 68
28.51923 69
28.56885 70
28.56846 71
28.56808 72
28.5677 73
28.61731 74
28.46693 75
28.46655 76
28.56617 77
28.61578 78
28.5654 79
28.51502 80
28.51463 81
28.46425 82
28.51387 83
28.56349 84
28.5131 85
28.41272 86
28.46234 87
28.41196 88
28.71158 89
28.46119 90
28.51081 91
28.61043 92
28.46005 93
28.60967 94
28.55928 95
28.6589 96
28.40852 97
28.60814 98
28.55776 99
28.55738 100
28.45699 101
28.50661 102
28.45623 103
28.55585 104
28.60547 105
28.50509 106
28.75471 107
28.50433 108
28.40395 109
28.45357 110
28.50318 111
28.4028 112
28.50242 113
28.40204 114
28.50166 115
28.45128 116
28.5009 117
28.50052 118
28.60014 119
28.59976 120
28.44938 121
28.999 122
28.84862 123
28.54824 124
28.49786 125
28.39748 126
28.5471 127
28.79672 128
28.54634 129
28.39596 130
28.44558 131
28.4952 132
28.44482 133
28.54407 135
28.49369 136
28.74331 137
28.54293 138
28.49179 141
28.44141 142
28.54103 143
28.54066 144
28.64028 145
28.58952 147
28.58914 148
28.63876 149
28.53839 150
28.78801 151
28.63725 153
28.3865 155
28.53612 156
28.58574 157
28.78347 163
28.73272 165
28.58234 166
28.63197 167
28.78121 169
28.58083 170
28.88046 171
28.48008 172
28.6297 173
28.62782 178
28.47744 179
28.47707 180
28.52406 188
28.47368 189
28.52293 191
28.77031 198
28.81918 201
28.71543 211
28.60945 227
28.65833 230
28.70572 237
